0.490083
0.560411
0.502381
0.527733
0.50104
0.418118
0.522542
0.462123
0.521929
0.570215
0.552665
0.45162
0.551751
0.495326
0.52893
0.492083
0.566731
0.560741
0.5008
0.444907
0.458052
0.460023
0.488925
0.512346
0.521438
0.433746
0.522432
0.53037
0.524768
0.559749
0.554806
0.567935
0.571679
0.558933
0.59564
0.533629
0.553162
0.487187
0.527406
0.541173
0.479722
0.502814
0.490783
0.438756
0.457121
0.560596
0.537853
0.52166
0.452807
0.532528
0.570189
0.573725
0.488222
0.583068
0.596231
0.497695
0.545725
0.581517
0.523746
0.512971
0.558531
0.402618
0.553248
0.553572
0.522475
0.460148
0.551855
0.568415
0.514754
0.555857
0.488909
0.526302
0.446971
0.633686
0.513931
0.496067
0.597001
0.564763
0.568922
0.605053
0.608395
0.532558
0.537429
0.473286
0.591454
0.413449
0.480077
0.559017
0.471802
0.601752
0.530042
0.518834
0.504877
0.509094
0.546428
0.502414
0.558518
0.537191
0.548939
0.455841
0.523295
0.503267
0.511641
0.463953
0.571612
0.573487
0.510208
0.443546
0.454694
0.484278
0.528941
0.48742
0.556843
0.557351
0.614206
0.528379
0.56912
0.544218
0.507223
0.376558
0.422425
0.56746
0.54532
0.452131
0.509329
0.499463
0.502717
0.47614
0.540005
0.444323
0.621973
0.57175
0.505204
0.538974
0.501941
0.564986
0.544077
0.629468
0.578802
0.620549
0.527557
0.410709
0.596949
0.574787
0.540924
0.489845
0.559497
0.508797
0.510536
0.583191
0.524021
0.516643
0.603297
0.566094
0.556875
0.559399
0.539947
0.488941
0.586775
0.488303
0.539725
0.533617
0.591438
0.514317
0.572129
0.478017
0.517749
0.595445
0.508883
0.528495
0.539076
0.590445
0.573355
0.558819
0.48593
0.571585
0.506032
0.617556
0.555108
0.566624
0.568264
0.426674
0.628631
0.505377
0.501028
0.463524
0.531498
0.504412
0.448248
0.509624
0.506875
0.502799
0.524885
0.539178
0.474032
0.479576
0.525436
0.57877
0.439172
0.536318
0.549395
0.589631
0.495591
0.565032
0.577396
0.569242
0.477463
0.497153
0.531761
0.46084
0.453775
0.478965
0.467891
0.533788
0.531641
0.611944
0.515235
0.558022
0.548216
0.526126
0.543304
0.549276
0.557755
0.5511
0.56321
0.493027
0.487516
0.525155
0.5646
0.565938
0.520809
0.552838
0.53592
0.535085
0.5277
0.488502
0.512884
0.516889
0.57076
0.532632
0.449245
0.497755
0.566594
0.453555
0.562604
0.494955
0.545285
0.467685
0.514678
0.543946
0.534082
0.435087
0.544974
0.541741
0.548328
0.552556
0.490777
0.494607
0.535721
0.497099
0.528334
0.590341
0.483893
0.537191
0.553111
0.578476
0.550013
0.525297
0.536133
0.630137
0.589148
0.537972
0.515863
