0.485284
0.446996
0.485867
0.534226
0.534258
0.581466
0.435409
0.498518
0.428277
0.459668
0.37689
0.477595
0.546823
0.479686
0.509663
0.490178
0.510305
0.454103
0.561379
0.516071
0.550369
0.486266
0.47914
0.474102
0.504359
0.418216
0.486989
0.476866
0.510683
0.54525
0.467492
0.440208
0.472689
0.486203
0.51871
0.444855
0.497439
0.368841
0.475237
0.424148
0.416685
0.452864
0.412775
0.490186
0.516078
0.444621
0.50649
0.472581
0.451427
0.456757
0.556066
0.446622
0.520451
0.432807
0.501077
0.464307
0.482172
0.511327
0.478161
0.418173
0.484892
0.480138
0.500348
0.538374
0.497217
0.4499
0.411557
0.429827
0.498063
0.494619
0.502901
0.599346
0.505516
0.422395
0.51911
0.510551
0.472068
0.514534
0.419487
0.50878
0.436093
0.511286
0.553191
0.44824
0.531309
0.57206
0.445833
0.58512
0.412908
0.503966
0.512638
0.472483
0.507574
0.434198
0.470509
0.463038
0.621148
0.560762
0.485078
0.52662
0.529753
0.475008
0.439543
0.540597
0.463781
0.456294
0.466086
0.50061
0.484823
0.50205
0.566195
0.550056
0.419725
0.479369
0.502823
0.524592
0.536923
0.541836
0.437219
0.446837
0.511943
0.46999
0.436237
0.618118
0.530011
0.447219
0.423129
0.571344
0.514048
0.53599
0.476866
0.561985
0.521014
0.44159
0.507968
0.498297
0.381003
0.528192
0.387376
0.519136
0.427566
0.563408
0.504567
0.43764
0.573191
0.418065
0.473357
0.486845
0.543359
0.534241
0.456678
0.472036
0.444281
0.423935
0.4264
0.526827
0.481544
0.432726
0.442431
0.507826
0.475471
0.585293
0.476289
0.471427
0.533455
0.497724
0.429772
0.55557
0.472338
0.583325
0.444709
0.462783
0.523405
0.478467
0.522738
0.586798
0.483927
0.469598
0.511664
0.52343
0.568406
0.538218
0.513945
0.548156
0.459936
0.468229
0.506639
0.560216
0.454345
0.480229
0.465494
0.542852
0.543405
0.525574
0.468083
0.518211
0.388905
0.386395
0.480785
0.489281
0.524692
0.561935
0.458489
0.509973
0.498733
0.496084
0.603564
0.450627
0.503388
0.54926
0.568335
0.550724
0.499636
0.481127
0.459793
0.507526
0.525658
0.505512
0.456687
0.424183
0.516242
0.457956
0.533109
0.518768
0.420543
0.454319
0.435979
0.547839
0.559115
0.551805
0.437529
0.57785
0.462673
0.494299
0.421315
0.476736
0.421728
0.44166
0.539178
0.459316
0.38224
0.462861
0.40826
0.458967
0.528185
0.454251
0.534219
0.394296
0.530653
0.497517
0.450066
0.434043
0.539297
0.479914
0.45595
0.430671
0.476278
0.483835
0.545154
0.483502
0.46893
0.499094
0.521012
0.506933
0.427566
