0.537775
0.555497
0.459459
0.5265
0.517884
0.54339
0.5015
0.541368
0.515548
0.561104
0.479114
0.487644
0.532727
0.53763
0.516143
0.45979
0.492279
0.418017
0.510159
0.478068
0.497271
0.485276
0.513476
0.533395
0.543846
0.481234
0.537204
0.410149
0.492235
0.555763
0.518511
0.419239
0.511216
0.545875
0.506105
0.542474
0.488195
0.54886
0.488993
0.473751
0.52375
0.533189
0.540722
0.482522
0.42471
0.399566
0.432558
0.402883
0.597206
0.548662
0.480627
0.527195
0.451022
0.473819
0.529726
0.526059
0.55435
0.379154
0.509142
0.472144
0.479691
0.507164
0.522161
0.477661
0.481792
0.542635
0.559802
0.505373
0.550121
0.51898
0.51582
0.435781
0.539726
0.477787
0.489401
0.469749
0.493583
0.444316
0.443521
0.431545
0.440557
0.481198
0.57535
0.45317
0.493098
0.57419
0.525874
0.524011
0.487386
0.503227
0.426892
0.542084
0.510293
0.519517
0.516639
0.528948
0.445091
0.595935
0.452797
0.464304
0.487206
0.508792
0.529331
0.580768
0.453703
0.539086
0.492639
0.557961
0.440072
0.522935
0.440164
0.385766
0.474549
0.524468
0.431609
0.492769
0.534106
0.550139
0.497092
0.549051
0.533439
0.468176
0.504564
0.483888
0.452224
0.579379
0.433843
0.483366
0.505394
0.479637
0.541493
0.477477
0.375272
0.617763
0.501776
0.440099
0.519722
0.548068
0.473926
0.523712
0.554671
0.479686
0.575269
0.545563
0.497873
0.505112
0.481982
0.555304
0.507567
0.537521
0.465609
0.560884
0.510038
0.479124
0.533768
0.538968
0.535159
0.513272
0.48654
0.453018
0.520717
0.463181
0.518731
0.509571
0.513967
0.52224
0.451404
0.562646
0.544899
0.529213
0.597579
0.454828
0.413177
0.445172
0.531103
0.499378
0.50458
0.508531
0.366606
0.512909
0.439627
0.430846
0.439758
0.514824
0.512947
0.520187
0.417539
0.513169
0.465805
0.484398
0.495151
0.476613
0.44968
0.482251
0.350227
0.393234
0.417609
0.500505
0.480418
0.445921
0.448139
0.521958
0.511924
0.534014
0.491261
0.593161
0.444841
0.537162
0.480556
0.46501
0.53135
0.469615
0.535934
0.486136
0.497112
0.411094
0.503856
0.453531
0.559484
0.531746
0.567417
0.509307
0.524207
0.580023
0.469961
0.432319
0.537908
0.440282
0.424472
0.496026
0.429344
0.473551
0.461455
0.571533
0.474365
0.473981
0.494693
0.43528
0.421948
0.48641
0.464275
0.503969
0.533246
0.480067
0.544711
0.484181
0.459654
0.484731
0.531372
0.492969
0.543991
0.485595
0.551189
0.463189
0.542965
0.514498
0.491432
0.451004
0.537367
0.534765
0.495986
0.580361
0.524724
0.42056
0.565351
0.425728
0.417998
0.455962
0.506345
0.536515
0.588316
0.44909
0.521027
0.468387
0.429197
0.53604
0.478602
0.560423
0.507728
0.478365
0.457478
