0.476157
0.604972
0.47801
0.452212
0.463957
0.471
0.478934
0.452411
0.48996
0.433299
0.439073
0.474267
0.392033
0.505107
0.380815
0.554756
0.550298
0.512049
0.487428
0.525977
0.458273
0.500479
0.530134
0.482873
0.529914
0.545815
0.416572
0.433217
0.449442
0.434112
0.472597
0.49044
0.492245
0.522679
0.536234
0.446193
0.503818
0.46455
0.46743
0.518741
0.502941
0.446108
0.492473
0.500757
0.366918
0.550003
0.521184
0.489421
0.509234
0.460421
0.531457
0.464522
0.387467
0.500682
0.535977
0.528218
0.421806
0.500486
0.45528
0.501216
0.468845
0.536339
0.406213
0.453304
0.420725
0.441257
0.493607
0.416412
0.452478
0.41985
0.451267
0.516482
0.504581
0.497923
0.471708
0.490853
0.411655
0.449174
0.51386
0.478125
0.501742
0.542152
0.499922
0.504629
0.453941
0.4906
0.4607
0.493821
0.434387
0.496336
0.41635
0.489215
0.43531
0.415448
0.468779
0.469852
0.499175
0.453635
0.452018
0.50442
0.493665
0.424973
0.50405
0.477703
0.405815
0.376292
0.451416
0.417
0.468596
0.523689
0.394692
0.412043
0.579647
0.545498
0.455989
0.55164
0.442015
0.508236
0.47756
0.424126
0.398847
0.450429
0.450083
0.488404
0.536523
0.581119
0.606838
0.479792
0.556343
0.502847
0.441687
0.500381
0.422864
0.555961
0.416934
0.451915
0.471803
0.447143
0.477102
0.426036
0.419906
0.507857
0.4501
0.403643
0.535532
0.462863
0.389525
0.498853
0.554231
0.509669
0.495778
0.51073
0.611492
0.410514
0.456939
0.469362
0.541057
0.489813
0.415337
0.414236
0.470969
0.494373
0.453707
0.498256
0.500423
0.360771
0.527249
0.464587
0.576129
0.52198
0.408602
0.48956
0.505479
0.47938
0.504786
0.512543
0.452367
0.500692
0.490175
0.505223
0.447828
0.472542
0.400506
0.421887
0.385177
0.424837
0.450438
0.40375
0.431393
0.47743
0.424617
0.436695
0.509529
0.466118
0.477556
0.583705
0.464295
0.435227
0.516282
0.546834
0.474104
0.460573
0.508764
0.44809
0.416411
0.478255
0.525777
0.472549
0.439308
0.532697
0.493174
0.41734
0.509665
0.541571
0.467215
0.491709
0.517556
0.525257
0.454495
0.446279
0.509729
0.59531
0.451549
0.473026
0.518433
0.487415
0.436134
0.392989
0.506305
0.475119
0.478107
0.474341
0.532216
0.492904
0.532275
0.46854
0.472838
0.44479
0.505283
0.497851
0.492443
0.506687
0.517831
0.505435
0.452652
0.525256
0.443309
0.415151
0.455544
0.380497
0.459913
0.417854
0.477832
0.379007
0.523809
0.46343
0.510853
0.550837
0.398376
0.485854
0.448131
0.552176
0.459971
0.504152
0.437908
0.461638
0.472743
