0.653461
0.524475
0.401024
0.615944
0.559363
0.527977
0.574615
0.588285
0.501666
0.506903
0.469761
0.555633
0.448155
0.558211
0.578317
0.544769
0.507156
0.50344
0.480349
0.593465
0.442561
0.609918
0.546881
0.527139
0.61614
0.584429
0.582472
0.606181
0.573944
0.494656
0.571017
0.509618
0.531983
0.603769
0.609559
0.50646
0.47642
0.591663
0.500439
0.589083
0.538437
0.523173
0.535911
0.499419
0.624385
0.491189
0.619148
0.503611
0.54812
0.62456
0.519087
0.62988
0.634269
0.373326
0.432743
0.555715
0.501973
0.552533
0.491627
0.52629
0.515075
0.632995
0.523664
0.549828
0.533524
0.465867
0.487182
0.524828
0.507014
0.609841
0.669762
0.618616
0.534523
0.567955
0.583936
0.583792
0.612591
0.506976
0.554434
0.441402
0.576874
0.526863
0.521269
0.51134
0.481329
0.594018
0.538638
0.553315
0.611643
0.596941
0.570322
0.569035
0.583789
0.570671
0.556898
0.540575
0.592069
0.467642
0.503947
0.484773
0.524979
0.502188
0.631249
0.510606
0.540452
0.501202
0.463492
0.562079
0.524408
0.347974
0.52506
0.616791
0.458511
0.607181
0.54296
0.500999
0.514195
0.560324
0.509927
0.617649
0.579969
0.591624
0.527308
0.60774
0.57771
0.609373
0.521751
0.626665
0.565804
0.612967
0.625342
0.400671
0.501671
0.588762
0.578553
0.579067
0.555919
0.555534
0.573433
0.489169
0.511794
0.654688
0.526266
0.5214
0.670749
0.589604
0.407101
0.556126
0.481956
0.491521
0.540408
0.531985
0.512355
0.515256
0.657663
0.555227
0.567597
0.51457
0.497171
0.543814
0.619715
0.402949
0.505327
0.550538
0.472615
0.526838
0.524526
0.620937
0.357662
0.594627
0.4734
0.5592
0.615163
0.433148
0.493284
0.516213
0.555263
0.479307
0.625844
0.504521
0.613892
0.608031
0.463362
0.549417
0.564905
0.465361
0.512479
0.481642
0.50762
0.594072
0.454983
0.521241
0.534029
0.511311
0.557743
0.449644
0.576941
0.493232
0.587639
0.594371
0.54597
0.516614
0.583012
0.55629
0.469977
0.539977
0.573216
0.526173
0.491674
0.527434
0.504435
0.488798
0.526848
0.513304
0.546367
0.446551
0.491494
0.503766
0.485603
0.517407
0.594358
0.445482
0.450729
0.567691
0.506509
0.521599
0.563695
0.529777
0.538544
0.418775
0.485958
0.542987
0.542832
0.537007
0.516067
0.647361
0.590963
0.403516
0.529472
0.481801
0.536237
0.561239
0.531545
0.643077
0.561004
0.646327
0.503258
0.537971
0.533751
0.530377
0.500492
0.431245
0.471623
0.566139
0.639691
0.608857
0.600059
0.544227
0.536204
0.557645
0.570977
0.48375
0.407936
0.5404
0.534918
0.531259
0.589446
0.458941
0.618338
0.522413
0.515812
0.571912
0.499234
0.599593
0.53897
0.584861
0.456275
0.47462
