0.464513
0.525958
0.481045
0.448851
0.469343
0.513432
0.492572
0.527687
0.464741
0.486301
0.518618
0.524197
0.521324
0.523864
0.499717
0.483848
0.481179
0.484539
0.452743
0.461952
0.448489
0.464022
0.411205
0.509195
0.475546
0.488687
0.453932
0.51282
0.49828
0.421751
0.479094
0.446715
0.493726
0.475563
0.49764
0.456226
0.461128
0.487141
0.411075
0.454293
0.567598
0.422768
0.490428
0.440623
0.5195
0.452008
0.474178
0.464798
0.538801
0.477757
0.426811
0.436318
0.476762
0.554968
0.489785
0.512647
0.474351
0.473327
0.448202
0.422367
0.486132
0.547251
0.420532
0.452503
0.418251
0.501473
0.438773
0.53678
0.472149
0.410959
0.419745
0.495865
0.545443
0.467408
0.454285
0.453683
0.526007
0.504101
0.421236
0.408402
0.393581
0.498936
0.498194
0.496491
0.513129
0.45663
0.447842
0.442525
0.5283
0.503992
0.424642
0.506792
0.467465
0.52464
0.422726
0.502466
0.481174
0.46101
0.447834
0.446724
0.474105
0.466223
0.427545
0.462047
0.46543
0.512175
0.435389
0.420832
0.517771
0.478651
0.492117
0.452131
0.431591
0.53686
0.480691
0.478048
0.453059
0.424431
0.443928
0.457268
0.481353
0.478457
0.506426
0.405931
0.457
0.504449
0.403851
0.455623
0.463147
0.488204
0.503585
0.46672
0.542889
0.466574
0.466202
0.484871
0.484996
0.441173
0.474157
0.495332
0.504692
0.468157
0.493071
0.489104
0.426442
0.475249
0.442347
0.487081
0.493116
0.483697
0.457448
0.553228
0.477626
0.503661
0.498723
0.461115
0.447117
0.481549
0.496409
0.394332
0.49501
0.508206
0.490816
0.492675
0.431918
0.467263
0.497926
0.504165
0.4557
0.455954
0.453888
0.492745
0.427001
0.465716
0.432235
0.501044
0.541703
0.45092
0.502009
0.514465
0.486869
0.448422
0.498738
0.538754
0.445215
0.453052
0.416568
0.49179
0.522206
0.423094
0.446801
0.471491
0.472974
0.489999
0.510928
0.505429
0.472649
0.494266
0.495164
0.458018
0.441692
0.490631
0.440107
0.459435
0.518269
0.43831
0.46796
0.465076
0.462269
0.48606
0.43997
0.436062
0.453433
0.4543
0.483288
0.534762
0.523222
0.443062
0.464004
0.466657
0.463298
0.475393
0.4671
0.446316
0.434675
0.450259
0.467064
0.487218
0.454715
0.517829
0.471233
0.478954
0.452254
0.521989
0.456797
0.491126
0.457908
0.521983
0.470193
0.424374
0.441803
0.444179
0.453829
0.480124
0.47292
0.507422
0.497923
0.444308
0.471734
0.488137
0.452646
0.490705
0.428046
0.459738
0.452655
0.482002
0.450168
0.419524
0.478712
0.500896
0.518613
0.456909
0.472108
0.449412
0.491029
0.469527
0.451712
0.455623
0.458854
0.538977
0.416799
0.462131
0.476892
0.412975
0.457073
0.540373
0.448496
0.47855
0.511189
0.458581
0.469687
0.523288
0.462064
0.450966
0.437091
0.492495
