0.434838
0.478879
0.533205
0.557409
0.528373
0.481437
0.531158
0.484784
0.551459
0.486358
0.492292
0.497833
0.522138
0.537637
0.48716
0.523965
0.495811
0.502207
0.442813
0.511585
0.546933
0.451029
0.532711
0.514342
0.524908
0.536587
0.390587
0.456934
0.517964
0.42261
0.473625
0.502172
0.525762
0.500807
0.555377
0.472065
0.516843
0.464138
0.520499
0.483194
0.579015
0.525657
0.541863
0.524121
0.492535
0.501032
0.543371
0.519826
0.549713
0.518971
0.468676
0.524579
0.574206
0.537291
0.507283
0.456677
0.541845
0.5441
0.504879
0.530719
0.443427
0.49696
0.517525
0.518688
0.500933
0.489492
0.465717
0.50277
0.40658
0.529316
0.480813
0.528203
0.5565
0.567953
0.549567
0.474972
0.532721
0.599272
0.55837
0.477483
0.50145
0.481181
0.502544
0.537498
0.513306
0.5004
0.506792
0.474552
0.47513
0.460335
0.455676
0.514434
0.503927
0.451403
0.497642
0.529566
0.579311
0.487722
0.541348
0.509961
0.507395
0.469501
0.501928
0.565264
0.53587
0.449405
0.473081
0.458896
0.489902
0.499207
0.50382
0.544137
0.543236
0.511772
0.53661
0.479223
0.532098
0.551955
0.527942
0.561239
0.539645
0.542356
0.530204
0.470246
0.505652
0.49992
0.541254
0.550255
0.438578
0.542797
0.416629
0.505814
0.507176
0.549486
0.558073
0.489351
0.562269
0.548716
0.501561
0.497681
0.518341
0.50222
0.485616
0.543516
0.520394
0.413195
0.486245
0.493277
0.50369
0.473767
0.482603
0.490823
0.495192
0.52251
0.546824
0.499035
0.449053
0.506009
0.599221
0.537138
0.563786
0.525674
0.502791
0.498224
0.470273
0.502262
0.526731
0.548452
0.533045
0.490768
0.469949
0.510702
0.514757
0.490514
0.505382
0.461836
0.52393
0.480831
0.590182
0.50282
0.496098
0.57959
0.530434
0.534037
0.523374
0.541194
0.582378
0.484254
0.459371
0.51198
0.46227
0.508923
0.560162
0.49009
0.516068
0.501345
0.541613
0.495928
0.559143
0.515128
0.56338
0.493288
0.494422
0.54458
0.502044
0.472198
0.546653
0.54378
0.487827
0.475416
0.53379
0.418467
0.543624
0.480389
0.542485
0.492017
0.522257
0.521985
0.536898
0.436761
0.506079
0.506042
0.540098
0.508123
0.505925
0.509549
0.541908
0.509233
0.556124
0.523959
0.586077
0.524626
0.560371
0.535435
0.462908
0.502083
0.587836
0.525396
0.521904
0.586756
0.467055
0.490675
0.557946
0.522182
0.47421
0.53896
0.561404
0.46898
0.560533
0.535017
0.475402
0.499828
0.553463
0.529785
0.496649
0.497877
0.466878
0.453145
0.524702
0.550107
0.447519
0.506857
0.536297
0.498557
0.43831
0.506182
0.513887
0.461196
0.50129
0.551546
0.483208
0.495547
0.501272
0.517496
0.524389
0.503576
0.502166
