0.433132
0.51581
0.536419
0.509516
0.512841
0.524715
0.487531
0.556842
0.532752
0.476159
0.486746
0.454413
0.510193
0.491506
0.53256
0.400022
0.546272
0.541352
0.495867
0.517271
0.545134
0.483759
0.444622
0.538053
0.574654
0.433487
0.565809
0.515443
0.542322
0.478604
0.557933
0.510664
0.464126
0.49847
0.495706
0.4386
0.405275
0.526848
0.536505
0.467986
0.470659
0.529019
0.511085
0.529663
0.519217
0.513642
0.443185
0.467377
0.536852
0.578315
0.415821
0.540889
0.44523
0.492923
0.474252
0.517876
0.471125
0.448777
0.477689
0.5356
0.548326
0.498691
0.424087
0.600997
0.488377
0.484172
0.535218
0.377828
0.45918
0.544352
0.440957
0.48564
0.495371
0.494688
0.483925
0.505941
0.519697
0.534517
0.424563
0.46664
0.488732
0.456213
0.565171
0.493188
0.430353
0.544407
0.424715
0.48553
0.404424
0.494072
0.495852
0.516312
0.602663
0.601743
0.451671
0.526982
0.522971
0.553047
0.490012
0.468056
0.492424
0.463036
0.529175
0.443571
0.490651
0.506667
0.465441
0.559905
0.55843
0.406191
0.498099
0.432998
0.498521
0.54151
0.485851
0.36498
0.474494
0.49307
0.538644
0.481799
0.573032
0.548446
0.498288
0.525485
0.436794
0.479194
0.472485
0.432246
0.533635
0.43935
0.48153
0.527479
0.49332
0.378515
0.539737
0.522632
0.551966
0.569516
0.52814
0.494353
0.422247
0.505566
0.498943
0.457394
0.489656
0.439218
0.532376
0.456702
0.512448
0.515875
0.456285
0.542883
0.545659
0.552725
0.514603
0.491836
0.525507
0.50589
0.491919
0.533281
0.516788
0.510754
0.415781
0.489287
0.472445
0.528476
0.519335
0.567943
0.547101
0.490531
0.604045
0.500755
0.465407
0.514909
0.595306
0.510036
0.483919
0.392424
0.510736
0.411989
0.545547
0.468604
0.458749
0.546501
0.53769
0.448722
0.514677
0.44045
0.490296
0.498309
0.511002
0.532208
0.47782
0.497152
0.493619
0.564352
0.425051
0.522511
0.471482
0.592846
0.515003
0.487466
0.521654
0.463796
0.60117
0.398257
0.493209
0.504946
0.441799
0.448908
0.531081
0.565853
0.516148
0.504205
0.527013
0.57977
0.568383
0.548042
0.444159
0.478311
0.523294
0.409234
0.580222
0.567628
0.402182
0.530091
0.493173
0.501061
0.443119
0.519024
0.511874
0.443254
0.579717
0.517877
0.525274
0.501575
0.465372
0.484038
0.484586
0.472664
0.504907
0.453509
0.573666
0.514951
0.463292
0.584714
0.477662
0.518411
0.51489
0.450045
0.491487
0.504746
0.433964
0.550982
0.487761
0.540171
0.579114
0.511186
0.432015
0.476179
0.518049
0.571666
0.515011
0.479741
0.450985
0.502172
0.546465
0.431007
0.491976
0.528654
0.532207
0.461446
0.532379
0.53457
0.485887
0.530336
0.507636
