0.481627
0.528039
0.447984
0.550043
0.459101
0.539406
0.483803
0.548104
0.478633
0.551502
0.498005
0.580075
0.507309
0.525005
0.50684
0.499047
0.493553
0.485229
0.533509
0.551258
0.591305
0.461967
0.516299
0.517774
0.612702
0.393668
0.56039
0.499432
0.540313
0.57602
0.457956
0.52843
0.502976
0.534624
0.498321
0.498581
0.507974
0.498974
0.436891
0.53363
0.501823
0.461316
0.444832
0.403884
0.516937
0.392609
0.52755
0.503842
0.568962
0.460415
0.50443
0.412531
0.539879
0.520411
0.509809
0.492731
0.496989
0.443021
0.527299
0.479682
0.481426
0.541326
0.49093
0.559156
0.533013
0.515222
0.524198
0.466501
0.503806
0.53427
0.590218
0.527894
0.476239
0.500723
0.51608
0.554706
0.497714
0.426128
0.505764
0.435783
0.470293
0.428454
0.435427
0.543354
0.472324
0.548351
0.468364
0.436172
0.492021
0.382168
0.538871
0.484669
0.438432
0.468518
0.528171
0.479404
0.475651
0.426042
0.476796
0.579633
0.419279
0.513649
0.521871
0.432119
0.505284
0.502575
0.492889
0.506621
0.551471
0.549611
0.505799
0.456466
0.492765
0.478954
0.516328
0.448828
0.490056
0.547242
0.570248
0.426608
0.527045
0.471076
0.574848
0.472599
0.537507
0.535184
0.543379
0.529669
0.515279
0.529287
0.499457
0.396215
0.509653
0.56497
0.568774
0.503568
0.418323
0.414396
0.545195
0.45534
0.514088
0.472985
0.525682
0.542365
0.553487
0.533044
0.366876
0.442351
0.498888
0.520804
0.558426
0.527619
0.469394
0.46106
0.481349
0.491499
0.594314
0.501049
0.516288
0.467298
0.475065
0.522081
0.437542
0.508657
0.49593
0.592919
0.509544
0.496518
0.525849
0.441263
0.443458
0.562642
0.577327
0.546018
0.462767
0.491508
0.503921
0.569523
0.487869
0.375439
0.556119
0.425489
0.5168
0.468551
0.470403
0.441503
0.514831
0.632898
0.47759
0.560579
0.4767
0.44842
0.510093
0.488106
0.527626
0.538806
0.513783
0.499092
0.50843
0.503366
0.457226
0.469233
0.415558
0.511973
0.521862
0.497466
0.441426
0.488606
0.513287
0.508192
0.472873
0.522226
0.516019
0.540504
0.496637
0.428635
0.420342
0.473701
0.570879
0.43205
0.434522
0.443366
0.565853
0.520397
0.487987
0.389674
0.401869
0.502226
0.410839
0.446038
0.449897
0.458418
0.47913
0.517351
0.460966
0.451047
0.486524
0.54058
0.487966
0.461403
0.528591
0.506431
0.455542
0.43079
0.506905
0.529083
0.414022
0.532603
0.594759
0.541185
0.539411
0.521301
0.442844
0.453546
0.517841
0.482846
0.531707
0.442575
0.518318
0.464603
0.436586
0.460693
0.438122
0.440093
0.46468
0.547317
0.495261
0.520941
0.477251
0.503673
0.562143
0.527004
0.491055
0.451887
0.512448
0.499206
0.465349
0.558007
0.567907
0.465339
0.418603
0.523074
0.510968
0.472692
0.392644
0.469127
0.555482
0.450184
