0.543807
0.568437
0.527017
0.523424
0.45418
0.509917
0.560816
0.460301
0.479719
0.545335
0.530532
0.564313
0.509918
0.567466
0.455033
0.382649
0.480996
0.507207
0.559568
0.421466
0.539506
0.536373
0.496876
0.43167
0.479857
0.520739
0.492884
0.540043
0.49302
0.470638
0.516988
0.40932
0.476283
0.434482
0.614831
0.478051
0.464077
0.537105
0.535349
0.554272
0.411868
0.538553
0.475546
0.535484
0.566287
0.403844
0.439653
0.4989
0.529582
0.486642
0.507372
0.546536
0.500043
0.552798
0.55711
0.598544
0.504328
0.584583
0.601606
0.548757
0.600468
0.541499
0.539357
0.487877
0.531168
0.511592
0.571117
0.45129
0.470109
0.492966
0.469014
0.511387
0.451205
0.435281
0.563226
0.499115
0.55071
0.477093
0.577079
0.502636
0.611178
0.525922
0.512664
0.621002
0.505828
0.524417
0.440352
0.425884
0.550236
0.611248
0.635486
0.616846
0.491075
0.510709
0.549735
0.519786
0.527064
0.592282
0.481573
0.393214
0.553999
0.564667
0.587928
0.551222
0.440388
0.465727
0.543248
0.423605
0.587426
0.408122
0.552629
0.521394
0.539649
0.563141
0.547151
0.479449
0.466646
0.407705
0.538858
0.525284
0.557359
0.423726
0.547197
0.526772
0.532168
0.501829
0.491923
0.622676
0.457804
0.495842
0.50111
0.482374
0.626734
0.580824
0.560295
0.516648
0.52467
0.459365
0.548737
0.370361
0.504074
0.490886
0.442331
0.467501
0.499989
0.527751
0.542559
0.630016
0.420366
0.556975
0.474733
0.575631
0.515263
0.453458
0.49254
0.552079
0.492304
0.508095
0.543553
0.44663
0.511585
0.532968
0.619655
0.492058
0.451241
0.550223
0.578495
0.525124
0.497117
0.463519
0.489764
0.535135
0.448732
0.527026
0.472433
0.561334
0.422763
0.483297
0.561469
0.488508
0.516002
0.367232
0.352177
0.637559
0.536705
0.596932
0.505633
0.571899
0.529999
0.576217
0.449281
0.55965
0.466013
0.673274
0.538273
0.497933
0.467901
0.529857
0.467087
0.58187
0.576436
0.527112
0.588416
0.461641
0.408211
0.548973
0.459152
0.548496
0.459484
0.429194
0.581256
0.446264
0.534836
0.481684
0.515874
0.541883
0.605744
0.53513
0.487804
0.390505
0.580727
0.46887
0.543355
0.537623
0.567906
0.486149
0.463696
0.455569
0.48118
0.551207
0.606353
0.633314
0.482795
0.541683
0.529092
0.575703
0.562988
0.523846
0.455227
0.401762
0.463836
0.556682
0.512446
0.488055
0.523844
0.513436
0.446977
0.47495
0.532268
0.504219
0.506274
0.517428
0.524853
0.436692
0.508839
0.513682
0.441696
0.426018
0.47042
0.508231
0.406047
0.549698
0.53381
0.503684
0.523028
0.522875
0.563741
0.51546
0.59747
0.494925
0.524571
0.480717
0.519888
0.478877
0.401494
