0.465287
0.468209
0.486283
0.553143
0.58827
0.43395
0.595607
0.529362
0.538202
0.54244
0.486123
0.450181
0.52845
0.426153
0.613172
0.532176
0.521869
0.479349
0.531582
0.422295
0.439461
0.560752
0.53539
0.426337
0.502072
0.515871
0.492081
0.507592
0.463467
0.389419
0.533795
0.417336
0.514393
0.539378
0.546674
0.51481
0.516936
0.48487
0.593415
0.47978
0.480142
0.520429
0.530183
0.543003
0.612882
0.510839
0.480373
0.507777
0.559212
0.517673
0.524083
0.523469
0.58368
0.520755
0.523321
0.454801
0.578796
0.426624
0.553555
0.54765
0.562995
0.50904
0.501571
0.499087
0.480149
0.555481
0.491937
0.540986
0.409998
0.560891
0.539188
0.598613
0.588433
0.433081
0.569979
0.501299
0.488925
0.461968
0.490322
0.484966
0.464189
0.447496
0.512222
0.506295
0.538589
0.532099
0.482989
0.555014
0.462358
0.505105
0.525207
0.492578
0.52644
0.535077
0.498839
0.588034
0.441956
0.529725
0.552199
0.46931
0.549297
0.50164
0.527953
0.538141
0.465005
0.519017
0.499811
0.495505
0.544421
0.489897
0.491449
0.468263
0.582394
0.511034
0.474071
0.360888
0.599303
0.48247
0.538224
0.490816
0.443704
0.494375
0.591747
0.502254
0.498754
0.521605
0.567104
0.484842
0.520652
0.507157
0.486532
0.54003
0.442977
0.529864
0.440619
0.480221
0.568656
0.563995
0.526866
0.61155
0.466108
0.559454
0.494479
0.531326
0.514203
0.473224
0.510403
0.532436
0.515514
0.567024
0.525324
0.570511
0.581428
0.589868
0.439878
0.48631
0.53701
0.470731
0.577211
0.596972
0.502581
0.5372
0.506938
0.494665
0.557065
0.536951
0.444024
0.493394
0.549484
0.514678
0.528002
0.497225
0.462174
0.46551
0.398889
0.485405
0.560757
0.471756
0.51287
0.496262
0.533438
0.509208
0.562063
0.484284
0.345924
0.451679
0.508843
0.487796
0.468916
0.536821
0.551807
0.478001
0.5446
0.523833
0.571736
0.547509
0.495851
0.526476
0.468806
0.506648
0.517148
0.54244
0.465831
0.505397
0.567957
0.531287
0.561386
0.506441
0.555889
0.454468
0.498195
0.397121
0.407114
0.520265
0.481529
0.544681
0.435921
0.528046
0.529678
0.554938
0.531664
0.450276
0.421662
0.552827
0.449227
0.497769
0.511124
0.468408
0.468544
0.525007
0.492661
0.497374
0.555782
0.489567
0.549821
0.567114
0.440467
0.510047
0.392771
0.503506
0.498048
0.544041
0.554373
0.5595
0.478526
0.558216
0.555275
0.50154
0.521927
0.560773
0.554882
0.503552
0.526502
0.548142
0.477222
0.476899
0.563066
0.470628
0.53079
0.449854
0.545094
0.528935
0.507426
0.523711
0.435813
0.443828
0.527037
0.499527
0.565098
0.501121
0.559883
0.443032
0.513981
