0.473194
0.463444
0.583784
0.49956
0.575334
0.430794
0.477351
0.579473
0.504141
0.452598
0.531913
0.352188
0.464585
0.467373
0.594549
0.545834
0.498285
0.40849
0.449048
0.535446
0.410518
0.514368
0.603995
0.505633
0.467335
0.432319
0.467994
0.464149
0.436561
0.454064
0.419658
0.479169
0.398911
0.448057
0.398483
0.430125
0.270438
0.477942
0.463932
0.599287
0.478257
0.496035
0.45569
0.422757
0.397381
0.434137
0.404263
0.471958
0.538025
0.388925
0.51688
0.558689
0.544417
0.406332
0.559769
0.489207
0.38039
0.407463
0.566137
0.413979
0.466534
0.456516
0.439406
0.493522
0.46515
0.539903
0.355217
0.477441
0.475161
0.600997
0.43443
0.478627
0.613085
0.482315
0.391222
0.476237
0.488119
0.517738
0.549678
0.380869
0.481847
0.542213
0.428679
0.59478
0.449164
0.424619
0.554611
0.453782
0.500652
0.485977
0.523691
0.445627
0.435388
0.551966
0.423538
0.482912
0.375933
0.5285
0.514422
0.359375
0.494562
0.535694
0.47525
0.478829
0.453974
0.529572
0.522545
0.423332
0.416229
0.504926
0.39827
0.526159
0.405514
0.513783
0.552898
0.518775
0.550378
0.526106
0.404281
0.54173
0.548009
0.467462
0.40003
0.447598
0.4413
0.425117
0.456908
0.480039
0.44254
0.550795
0.415645
0.444728
0.501017
0.4165
0.408857
0.42578
0.474383
0.388414
0.462305
0.477988
0.553315
0.429577
0.55523
0.468147
0.406133
0.599048
0.49609
0.464164
0.364116
0.393061
0.430014
0.45126
0.528091
0.466844
0.403823
0.570278
0.46498
0.527644
0.418633
0.465833
0.44055
0.35192
0.385991
0.524735
0.472454
0.500003
0.537767
0.465286
0.479799
0.539001
0.559614
0.502464
0.436603
0.43779
0.445577
0.489919
0.462545
0.372784
0.486478
0.516093
0.54403
0.568026
0.443142
0.509806
0.510176
0.338384
0.401352
0.562144
0.449477
0.444591
0.440786
0.399331
0.394442
0.476642
0.439508
0.430649
0.408012
0.518355
0.466553
0.416219
0.322164
0.409791
0.551095
0.525805
0.472562
0.512985
0.475986
0.552453
0.451757
0.460034
0.451282
0.418126
0.401731
0.42719
0.616479
0.575679
0.547029
0.483368
0.463057
0.469583
0.443331
0.532899
0.476703
0.631585
0.495406
0.392896
0.415909
0.439962
0.430402
0.334286
0.462526
0.51799
0.472888
0.368643
0.387065
0.446893
0.492132
0.483169
0.530452
0.492195
0.407938
0.439047
0.400332
0.463763
0.518194
0.527124
0.521725
0.526783
0.410064
0.55844
0.341882
0.460744
0.54158
0.569521
0.435918
0.424606
0.405398
0.418004
0.544096
0.379409
0.489217
0.441682
0.515629
0.479277
0.562645
0.488049
0.356984
0.583741
0.426936
0.453146
0.500453
0.516442
0.42982
0.482113
0.522509
0.421055
0.514114
0.497635
0.424871
0.394572
0.523721
0.589803
0.551134
0.353469
0.502194
0.48331
0.459997
0.521543
0.374535
0.3715
0.447552
0.44665
