0.54833
0.499584
0.403297
0.475733
0.563444
0.462266
0.456088
0.480319
0.421663
0.558159
0.562245
0.579415
0.58775
0.563245
0.568833
0.514255
0.453328
0.616533
0.422195
0.538446
0.555991
0.569878
0.532673
0.567057
0.519388
0.53494
0.654227
0.43591
0.388759
0.547243
0.438277
0.476221
0.562416
0.532181
0.382045
0.50834
0.492714
0.441939
0.612975
0.474343
0.489743
0.467912
0.518306
0.542461
0.548011
0.493331
0.570728
0.547136
0.584049
0.426222
0.451565
0.504627
0.576897
0.519769
0.568161
0.651368
0.507249
0.592054
0.607639
0.52967
0.567869
0.469161
0.514909
0.618874
0.622151
0.534739
0.44112
0.565732
0.591216
0.494726
0.535699
0.446882
0.550736
0.389506
0.570245
0.588023
0.475628
0.674825
0.537388
0.595316
0.58879
0.50527
0.525468
0.599335
0.559441
0.520371
0.478687
0.561825
0.546098
0.471755
0.498301
0.465142
0.621612
0.505542
0.596703
0.468015
0.576022
0.505341
0.614503
0.522084
0.532843
0.4269
0.4269
0.577632
0.563882
0.642186
0.46197
0.439936
0.673958
0.544439
0.491487
0.505319
0.46614
0.5445
0.550787
0.502966
0.453498
0.537964
0.485666
0.555409
0.514841
0.509004
0.543416
0.46193
0.580507
0.565692
0.577863
0.494797
0.451944
0.586174
0.534706
0.488109
0.442787
0.555903
0.444565
0.494637
0.505403
0.439869
0.500623
0.499568
0.559313
0.495479
0.450554
0.620796
0.618119
0.537838
0.44981
0.486967
0.603776
0.589501
0.59475
0.506758
0.434432
0.539216
0.343588
0.489848
0.489706
0.586572
0.568933
0.601709
0.629803
0.592607
0.547443
0.49664
0.526329
0.481954
0.616448
0.55759
0.609465
0.63759
0.452387
0.544402
0.412746
0.445866
0.477244
0.437034
0.532741
0.59568
0.460883
0.568918
0.559029
0.460048
0.547722
0.398037
0.592986
0.60024
0.537284
0.550227
0.558215
0.4996
0.578612
0.504822
0.550595
0.443489
0.475626
0.512528
0.518888
0.570796
0.507169
0.515071
0.501373
0.459338
0.512585
0.640891
0.431577
0.54824
0.668936
0.434712
0.426333
0.5369
0.529628
0.46741
0.535069
0.5125
0.531591
0.437107
0.553043
0.42439
0.652115
0.546088
0.518305
0.440576
0.401208
0.594986
0.464431
0.520908
0.653031
0.530444
0.533319
0.567543
0.500371
0.506667
0.528934
0.515773
0.439106
0.442463
0.57514
0.651025
0.510867
0.548701
0.531391
0.541175
0.561954
0.589295
0.51835
0.597941
0.462052
0.608365
0.620989
0.465192
0.53981
0.613836
0.549297
0.634453
0.576158
0.588824
0.625994
0.674806
0.526312
0.500715
0.550011
0.619954
0.487856
0.395675
0.496431
0.532788
0.533864
0.586178
0.478672
0.4116
0.497003
0.6061
0.531826
0.541089
0.563473
0.573393
0.470107
0.511655
0.600151
0.635391
0.448433
0.578719
0.561702
0.529359
