0.441887
0.532131
0.599617
0.474352
0.563389
0.446269
0.608492
0.471268
0.526309
0.57728
0.564463
0.513957
0.55273
0.563024
0.486129
0.510893
0.597261
0.573941
0.423228
0.400085
0.475255
0.545542
0.559
0.501701
0.558748
0.463283
0.556179
0.388405
0.478745
0.619724
0.544413
0.514768
0.52392
0.497791
0.51175
0.506941
0.494569
0.496763
0.546664
0.47656
0.421325
0.494921
0.448088
0.460382
0.548038
0.483837
0.506978
0.501607
0.590495
0.51002
0.529104
0.561462
0.483347
0.514405
0.613935
0.569998
0.467761
0.429005
0.570098
0.547118
0.555548
0.493455
0.507661
0.511103
0.539058
0.55812
0.552339
0.420254
0.489767
0.499139
0.548417
0.453403
0.48176
0.456618
0.552502
0.435774
0.540784
0.520535
0.476182
0.563282
0.553805
0.565488
0.503942
0.390905
0.502072
0.521845
0.548017
0.571005
0.511152
0.520392
0.55637
0.454927
0.522012
0.578932
0.543947
0.428094
0.544554
0.52841
0.579137
0.575414
0.613383
0.478536
0.524234
0.46232
0.431448
0.421011
0.458126
0.516764
0.548453
0.568726
0.485418
0.644898
0.578934
0.421073
0.618342
0.472148
0.528103
0.496706
0.41381
0.334616
0.470552
0.464362
0.637412
0.516377
0.493288
0.43171
0.483659
0.550206
0.591331
0.471144
0.515172
0.448911
0.409707
0.548206
0.437521
0.410664
0.439574
0.467605
0.524731
0.546834
0.522165
0.478747
0.522253
0.527218
0.441857
0.450716
0.440256
0.609394
0.50669
0.531315
0.492247
0.461065
0.543229
0.551085
0.592762
0.423393
0.429162
0.603711
0.555646
0.499246
0.532201
0.537584
0.468506
0.552058
0.505625
0.601869
0.576358
0.515439
0.463108
0.524958
0.365864
0.559519
0.595203
0.580363
0.614052
0.541436
0.491463
0.484128
0.554459
0.502752
0.548379
0.498416
0.438544
0.576355
0.605211
0.377631
0.412246
0.481767
0.404783
0.481631
0.488966
0.5518
0.504636
0.559503
0.430733
0.439816
0.431888
0.569835
0.569695
0.580667
0.613724
0.572163
0.521477
0.435934
0.550262
0.535264
0.513527
0.447795
0.546566
0.454696
0.378853
0.488143
0.567964
0.628895
0.601702
0.519062
0.523758
0.565478
0.476581
0.494935
0.602547
0.564089
0.499359
0.523997
0.584301
0.497625
0.458239
0.551206
0.597923
0.462958
0.619192
0.567167
0.507593
0.555071
0.548622
0.595582
0.549118
0.599558
0.526245
0.453747
0.433892
0.485305
0.54302
0.572045
0.465631
0.442872
0.519608
0.625641
0.591864
0.587867
0.532658
0.558465
0.484815
0.539061
0.389295
0.622133
0.481242
0.504035
0.587692
0.466253
0.591398
0.505642
0.430459
0.479898
0.493099
0.424545
0.525866
0.469159
0.52992
0.487673
0.436262
0.37702
0.593117
0.466806
0.522101
0.492135
0.534945
0.542521
0.466662
0.507068
0.599448
0.566941
0.487932
0.558612
0.652786
0.584122
0.511577
0.604349
0.577772
0.479664
