0.473076
0.551991
0.511496
0.467648
0.384517
0.56608
0.553794
0.556092
0.575387
0.539104
0.52447
0.503095
0.558413
0.485228
0.547722
0.494626
0.551909
0.485374
0.474141
0.62484
0.442476
0.570478
0.487678
0.520478
0.539667
0.575366
0.549381
0.521664
0.545718
0.512749
0.546395
0.546225
0.523256
0.49279
0.469392
0.546735
0.546103
0.537662
0.50781
0.540324
0.481494
0.364088
0.369129
0.522345
0.532123
0.505697
0.53266
0.514441
0.545287
0.53225
0.462004
0.502305
0.559671
0.578202
0.502926
0.558422
0.532482
0.434287
0.488431
0.485842
0.578992
0.565876
0.561906
0.438245
0.578727
0.45393
0.571026
0.58787
0.467987
0.550164
0.420308
0.588799
0.520208
0.487655
0.590914
0.516054
0.39385
0.572763
0.578361
0.517956
0.451482
0.505614
0.570641
0.483511
0.556181
0.488081
0.581169
0.576787
0.481405
0.580157
0.557312
0.501986
0.534564
0.558032
0.40986
0.513447
0.508613
0.483762
0.49352
0.580557
0.34686
0.512767
0.479636
0.604405
0.545964
0.550878
0.481197
0.569661
0.533649
0.478044
0.598638
0.470395
0.58938
0.589852
0.577927
0.385507
0.56934
0.505334
0.546685
0.623619
0.535058
0.553887
0.438343
0.547056
0.547526
0.522344
0.468121
0.529745
0.53219
0.518029
0.525435
0.544348
0.522383
0.494923
0.381105
0.523833
0.516613
0.516873
0.507186
0.477587
0.561245
0.488709
0.534237
0.553991
0.524477
0.568831
0.530229
0.584996
0.532116
0.514119
0.562982
0.547865
0.553887
0.495287
0.532615
0.522441
0.394728
0.515227
0.48513
0.556795
0.453028
0.57461
0.555379
0.507165
0.599465
0.542668
0.5251
0.502042
0.495003
0.560665
0.492466
0.542519
0.573207
0.528351
0.548314
0.504117
0.343957
0.573246
0.521926
0.551071
0.437263
0.466776
0.402061
0.521692
0.516825
0.454867
0.441034
0.537461
0.610169
0.583018
0.486975
0.463816
0.39076
0.476614
0.460699
0.488417
0.557339
0.52945
0.367452
0.570772
0.603236
0.474956
0.474538
0.478549
0.553199
0.550954
0.372835
0.47085
0.503188
0.553727
0.558268
0.511907
0.519662
0.520058
0.497704
0.515257
0.494202
0.498142
0.556582
0.569727
0.534258
0.579488
0.499993
0.50694
0.454293
0.458469
0.579673
0.438442
0.527567
0.404189
0.475519
0.576517
0.530804
0.51477
0.497876
0.479396
0.536012
0.559087
0.58738
0.594704
0.467942
0.543628
0.524115
0.480093
0.605241
0.498662
0.588338
0.475049
0.452924
0.520135
0.479621
0.556242
0.507925
0.550645
0.429161
0.410203
0.539914
0.549294
0.564157
0.431723
0.532886
0.52988
0.523494
0.55236
0.474317
0.500907
0.448873
0.4937
0.552238
0.576378
0.500842
0.555805
0.579034
0.503508
0.578856
0.382354
0.33251
0.509904
