0.517599
0.468819
0.502953
0.491697
0.531537
0.51412
0.464417
0.477028
0.449696
0.399194
0.397413
0.513439
0.448773
0.462783
0.5067
0.43744
0.508556
0.546543
0.383409
0.491171
0.390366
0.472478
0.450072
0.523322
0.491997
0.417227
0.355433
0.469255
0.449958
0.511311
0.537501
0.486091
0.486162
0.415958
0.528119
0.513433
0.461261
0.578859
0.474915
0.506559
0.535646
0.577817
0.375086
0.4875
0.535483
0.536504
0.512827
0.497027
0.54776
0.498115
0.495707
0.552729
0.51713
0.470292
0.514875
0.558697
0.448974
0.536203
0.503842
0.531768
0.48314
0.461393
0.473742
0.537064
0.36443
0.585907
0.508629
0.436021
0.380855
0.546146
0.569177
0.59637
0.531536
0.436559
0.502678
0.491796
0.592626
0.559593
0.476514
0.490825
0.536828
0.348882
0.481451
0.450371
0.523902
0.588478
0.509676
0.46087
0.407817
0.516428
0.481707
0.54987
0.374128
0.520506
0.527441
0.506074
0.515185
0.406803
0.454616
0.504315
0.54843
0.376266
0.439056
0.41598
0.546949
0.492947
0.462926
0.468239
0.560176
0.458924
0.48219
0.506067
0.477102
0.508664
0.422315
0.486117
0.520281
0.459212
0.522789
0.512427
0.487301
0.376583
0.464726
0.527699
0.387955
0.555051
0.483471
0.551442
0.500359
0.477204
0.422638
0.512986
0.568432
0.466672
0.441398
0.458759
0.435309
0.43861
0.507525
0.4893
0.415486
0.441443
0.558647
0.525321
0.457536
0.412095
0.49158
0.555435
0.509157
0.520213
0.424955
0.524528
0.500041
0.491892
0.412707
0.575516
0.497205
0.554858
0.499851
0.447598
0.343855
0.509731
0.474788
0.55707
0.437754
0.498913
0.439837
0.515234
0.496964
0.543674
0.507446
0.496496
0.547183
0.525478
0.497352
0.605307
0.4619
0.512181
0.350477
0.514152
0.50866
0.53088
0.477335
0.526613
0.553587
0.529053
0.573445
0.467843
0.519204
0.536608
0.441773
0.392056
0.496542
0.531496
0.48226
0.40094
0.577708
0.379968
0.434132
0.519052
0.543967
0.458331
0.515602
0.487642
0.506288
0.515597
0.46209
0.503375
0.543876
0.443725
0.505303
0.533121
0.487912
0.488928
0.522352
0.469573
0.504216
0.517152
0.60413
0.399048
0.386619
0.579867
0.44869
0.496388
0.481778
0.524797
0.439929
0.527427
0.441144
0.509799
0.471581
0.556303
0.600713
0.457754
0.542077
0.525183
0.515512
0.494194
0.585194
0.331458
0.415436
0.547738
0.600001
0.542767
0.489082
0.47946
0.495053
0.479956
0.541645
0.499278
0.347311
0.498313
0.530268
0.462463
0.578509
0.445038
0.47379
0.54748
0.468278
0.497868
0.481784
0.438937
0.584857
0.464926
0.455657
0.536634
0.469076
0.524504
0.372576
0.420696
0.492973
0.514357
0.455257
0.514239
0.568855
0.522959
0.35747
0.489975
0.421797
0.507872
