0.523049
0.52643
0.470922
0.577132
0.468478
0.563438
0.591768
0.523976
0.554181
0.525218
0.467551
0.43111
0.407304
0.443823
0.552685
0.567294
0.392544
0.454061
0.453221
0.470232
0.484682
0.445106
0.540952
0.502912
0.486349
0.420538
0.516313
0.519925
0.478635
0.482531
0.475287
0.545476
0.529167
0.42392
0.497873
0.536688
0.595678
0.557264
0.463247
0.477744
0.425417
0.521372
0.391393
0.480309
0.436236
0.498581
0.400539
0.403353
0.538812
0.377146
0.511693
0.452045
0.527023
0.439126
0.387971
0.403659
0.465258
0.528683
0.544658
0.503127
0.489471
0.500121
0.482735
0.575859
0.375384
0.611446
0.432636
0.471972
0.49333
0.437902
0.474366
0.482119
0.501707
0.617621
0.47731
0.48574
0.436971
0.599455
0.448163
0.465472
0.491119
0.457626
0.520111
0.543369
0.502449
0.550471
0.477329
0.417811
0.522383
0.505157
0.458084
0.588432
0.432943
0.516862
0.502043
0.566591
0.450752
0.50799
0.478257
0.529288
0.571775
0.407535
0.530372
0.507705
0.503396
0.417608
0.557371
0.387596
0.410575
0.536083
0.522455
0.438297
0.488764
0.507424
0.522688
0.441213
0.622258
0.457084
0.500635
0.327197
0.442628
0.559647
0.520101
0.580284
0.401705
0.5131
0.439269
0.390999
0.521487
0.54662
0.501726
0.543588
0.455851
0.512966
0.413776
0.525759
0.487038
0.500232
0.478796
0.459486
0.518498
0.398913
0.569136
0.504303
0.521042
0.44969
0.529448
0.561085
0.549861
0.562147
0.507183
0.572203
0.465133
0.388489
0.496463
0.528277
0.575376
0.579669
0.499272
0.513716
0.517602
0.464767
0.562993
0.566089
0.494713
0.601027
0.471933
0.528279
0.450045
0.520207
0.462509
0.470225
0.410481
0.506935
0.496754
0.430653
0.553859
0.439701
0.471235
0.491598
0.540597
0.444643
0.48763
0.555421
0.600113
0.483132
0.456665
0.42907
0.515728
0.518711
0.491447
0.398031
0.481401
0.412923
0.603741
0.542092
0.458862
0.492881
0.453254
0.475042
0.606529
0.463481
0.494635
0.520114
0.616314
0.431232
0.461535
0.477782
0.462405
0.557898
0.547435
0.5853
0.484198
0.485568
0.5215
0.481122
0.503082
0.517216
0.656626
0.579983
0.458575
0.541092
0.583628
0.578781
0.460816
0.62883
0.541925
0.513202
0.387001
0.438835
0.553073
0.538773
0.543545
0.498344
0.416956
0.56908
0.518071
0.48656
0.442214
0.458201
0.532423
0.47159
0.496034
0.548507
0.418719
0.528434
0.504322
0.485998
0.425781
0.49301
0.494784
0.527874
0.511653
0.429429
0.518012
0.517233
0.474747
0.612723
0.396298
0.527304
0.513865
0.577188
0.384881
0.515606
0.414765
0.502659
0.502276
0.53991
0.467948
0.442454
0.42689
0.496092
0.446584
0.428168
0.41487
0.46108
