0.489645
0.456494
0.552208
0.384221
0.421231
0.438403
0.573033
0.431211
0.483439
0.497513
0.526534
0.519589
0.505899
0.488229
0.432572
0.52636
0.44307
0.493606
0.474017
0.554794
0.489845
0.546467
0.532456
0.476733
0.585587
0.489029
0.475702
0.528174
0.498909
0.519538
0.559057
0.567114
0.536866
0.427849
0.446781
0.567281
0.441746
0.577995
0.54516
0.492428
0.515984
0.556356
0.474354
0.522047
0.531196
0.464481
0.55249
0.602452
0.542199
0.513266
0.465438
0.483326
0.53284
0.588096
0.346611
0.532517
0.375722
0.570683
0.43609
0.414641
0.475349
0.507611
0.56655
0.49937
0.502221
0.42045
0.601604
0.487531
0.522149
0.458406
0.531661
0.439899
0.560346
0.534053
0.51782
0.602184
0.428597
0.455108
0.483222
0.409264
0.482046
0.548623
0.464877
0.513681
0.538657
0.563723
0.500104
0.506847
0.474891
0.459096
0.527223
0.458616
0.539505
0.527455
0.586826
0.466776
0.546209
0.434249
0.600657
0.532837
0.582101
0.543752
0.462607
0.523611
0.52325
0.528229
0.53786
0.468915
0.516896
0.544266
0.523333
0.499566
0.511604
0.431043
0.466464
0.529791
0.57214
0.525361
0.546852
0.470099
0.588967
0.526597
0.493269
0.592264
0.507395
0.503487
0.578866
0.395881
0.519243
0.450563
0.480456
0.499252
0.521104
0.604591
0.483055
0.506003
0.471238
0.549596
0.447218
0.551071
0.417144
0.53485
0.50147
0.494542
0.516261
0.444149
0.446717
0.540354
0.529173
0.551772
0.467611
0.4862
0.492099
0.446422
0.468786
0.488199
0.542224
0.492056
0.579033
0.464989
0.4988
0.506285
0.385296
0.537212
0.537924
0.58603
0.477762
0.461184
0.508123
0.510828
0.568405
0.533398
0.442939
0.486252
0.495555
0.482631
0.509225
0.516071
0.476547
0.483824
0.535206
0.55521
0.439978
0.502733
0.461152
0.453719
0.392145
0.424732
0.51542
0.511233
0.38673
0.458759
0.503599
0.443114
0.539583
0.555165
0.520839
0.532953
0.543457
0.52094
0.514176
0.490561
0.510237
0.465922
0.478486
0.468614
0.485222
0.543901
0.50671
0.403019
0.51656
0.557623
0.405197
0.498114
0.514875
0.531447
0.526845
0.465656
0.50886
0.498425
0.456008
0.5372
0.453807
0.572103
0.499621
0.441994
0.500249
0.508095
0.56056
0.491676
0.422686
0.528727
0.515674
0.433339
0.463572
0.521719
0.497179
0.428468
0.492719
0.555754
0.555306
0.437458
0.394727
0.376705
0.514849
0.533803
0.539767
0.489522
0.583543
0.554434
0.435929
0.562034
0.36822
0.408045
0.544907
0.484955
0.528725
0.420569
0.512821
0.535418
0.541294
0.485685
0.447312
0.522644
0.443642
0.538034
0.497148
0.472469
0.567705
0.407024
0.52115
0.500843
0.505115
0.461014
0.506908
0.513237
0.543177
0.526854
0.58446
0.449957
0.561422
0.464678
0.504495
0.524857
0.539837
0.416517
0.544247
0.520392
