0.532116
0.517393
0.470862
0.32802
0.372563
0.565617
0.510428
0.398102
0.532007
0.524768
0.498864
0.490701
0.481196
0.432081
0.457306
0.512422
0.332952
0.481036
0.520857
0.475614
0.438758
0.498961
0.502302
0.577624
0.500239
0.435447
0.449633
0.333569
0.486658
0.4815
0.411752
0.380597
0.466522
0.469806
0.557317
0.550241
0.538421
0.3827
0.374108
0.546653
0.401054
0.530065
0.521095
0.588658
0.56493
0.398075
0.585671
0.505096
0.516974
0.570377
0.397827
0.535821
0.415484
0.486352
0.507269
0.590478
0.464556
0.515711
0.523298
0.556228
0.508261
0.51209
0.355619
0.447075
0.502361
0.43445
0.471186
0.547173
0.41216
0.525494
0.39285
0.368876
0.517119
0.402529
0.406016
0.534687
0.447064
0.365587
0.52784
0.477701
0.392012
0.441882
0.480305
0.441528
0.532552
0.407985
0.445387
0.450697
0.446551
0.503467
0.512599
0.378206
0.56331
0.529043
0.526391
0.526389
0.530591
0.351553
0.393596
0.481437
0.488267
0.436408
0.445053
0.465612
0.331122
0.441342
0.538947
0.489978
0.452099
0.462076
0.519065
0.397605
0.510769
0.443127
0.451248
0.395027
0.314302
0.433974
0.538642
0.52962
0.554987
0.445131
0.466698
0.357945
0.421485
0.454705
0.490024
0.418887
0.553289
0.494489
0.547184
0.329829
0.432376
0.531646
0.470815
0.478141
0.496303
0.502804
0.500744
0.41535
0.526385
0.395067
0.450408
0.57986
0.504316
0.427956
0.468169
0.445033
0.334464
0.529641
0.547602
0.561797
0.505394
0.441197
0.483734
0.572013
0.486539
0.593602
0.480874
0.338341
0.438136
0.487251
0.519569
0.480605
0.327545
0.435932
0.369042
0.558486
0.447034
0.446146
0.547236
0.411263
0.41611
0.413739
0.493763
0.527264
0.43601
0.432943
0.527294
0.387189
0.450436
0.511879
0.454705
0.41449
0.30075
0.41033
0.409618
0.543752
0.581105
0.494669
0.382688
0.416314
0.569537
0.478848
0.340713
0.38725
0.48291
0.481325
0.497793
0.528867
0.514878
0.554209
0.459231
0.543422
0.512476
0.462359
0.498469
0.458323
0.439729
0.442655
0.342135
0.532742
0.460817
0.463693
0.386399
0.531591
0.422972
0.495361
0.561713
0.525469
0.337453
0.524384
0.456349
0.42647
0.397571
0.531196
0.440986
0.500655
0.522858
0.372654
0.571512
0.53266
0.523166
0.39405
0.35999
0.447092
0.475745
0.485229
0.429239
0.352014
0.505914
0.442143
0.441023
0.38215
0.37172
0.491755
0.502685
0.376469
0.424496
0.504796
0.425558
0.499446
0.377601
0.379834
0.53073
0.371289
0.458643
0.35958
0.492484
0.535845
0.446736
0.553016
0.375076
0.332417
0.495839
0.520994
0.436236
0.455474
0.516696
0.426566
0.511362
0.473185
0.501928
0.519654
0.501878
0.392528
0.329271
0.39348
0.36987
0.464172
0.469278
0.325738
0.547549
0.503732
0.528323
0.471106
0.453832
0.535708
