0.564432
0.60186
0.433254
0.46549
0.43532
0.490588
0.525008
0.6184
0.519078
0.411616
0.550619
0.479919
0.568585
0.5509
0.561025
0.461444
0.487942
0.378653
0.520529
0.472955
0.500321
0.429788
0.506456
0.484991
0.548952
0.431632
0.558188
0.511778
0.477262
0.499337
0.397005
0.533413
0.490635
0.517312
0.39569
0.604751
0.439108
0.541796
0.453939
0.387072
0.568075
0.561471
0.488643
0.511116
0.385193
0.56675
0.460073
0.536964
0.53813
0.473422
0.459526
0.450922
0.569176
0.478331
0.560669
0.512118
0.555896
0.409828
0.479065
0.472684
0.355903
0.421397
0.524077
0.558411
0.460387
0.551648
0.532269
0.502866
0.505162
0.474511
0.419189
0.406324
0.483924
0.565593
0.522242
0.499966
0.579364
0.487303
0.611085
0.516507
0.399008
0.514244
0.527214
0.534904
0.505487
0.456772
0.512393
0.543354
0.430992
0.438771
0.520109
0.464157
0.390181
0.418654
0.55568
0.431365
0.59808
0.534982
0.514031
0.564415
0.394813
0.45725
0.445142
0.540733
0.420178
0.519054
0.484942
0.493889
0.537593
0.568738
0.512145
0.457309
0.546041
0.482595
0.47065
0.540913
0.457293
0.449035
0.488724
0.52538
0.528466
0.405839
0.515362
0.533825
0.431419
0.596801
0.524855
0.499791
0.567357
0.459408
0.466508
0.405466
0.476671
0.405724
0.426602
0.537974
0.439987
0.491033
0.468309
0.497108
0.55014
0.534008
0.403967
0.548525
0.425723
0.621354
0.503313
0.528951
0.485599
0.455185
0.551494
0.465521
0.553856
0.505826
0.452154
0.535733
0.463712
0.495417
0.611492
0.346108
0.455872
0.531356
0.392153
0.390112
0.489209
0.411439
0.534684
0.509037
0.482168
0.405574
0.448559
0.467114
0.532475
0.500976
0.419668
0.364931
0.531938
0.554234
0.373767
0.444347
0.469323
0.580174
0.488329
0.55148
0.418443
0.472431
0.434635
0.418982
0.501389
0.565749
0.553511
0.534201
0.581835
0.484946
0.528876
0.515267
0.488983
0.536235
0.428368
0.407566
0.595263
0.494377
0.542393
0.592079
0.357738
0.391881
0.547991
0.483734
0.460495
0.461515
0.451363
0.451063
0.465865
0.51635
0.498567
0.514004
0.575867
0.605138
0.466991
0.398883
0.461106
0.432148
0.537443
0.593717
0.424226
0.44678
0.477687
0.578638
0.487503
0.525189
0.401717
0.592141
0.509951
0.549312
0.630694
0.519056
0.405039
0.56319
0.48514
0.507459
0.484257
0.464665
0.500778
0.518743
0.42376
0.513844
0.565976
0.49653
0.585715
0.632671
0.552808
0.422787
0.492001
0.539737
0.394123
0.451806
0.471159
0.42233
0.483058
0.511677
0.62454
0.552035
0.518069
0.505932
0.530154
0.486027
0.492916
0.458154
0.542427
0.483381
0.509964
0.555262
0.553531
0.490837
0.504692
0.503387
0.342275
0.405931
0.505222
0.4084
0.607814
0.420908
0.552948
0.535613
0.409842
0.430551
0.625384
0.530921
