0.528997
0.490388
0.49342
0.505473
0.445144
0.446705
0.471824
0.472701
0.537806
0.521469
0.473978
0.558256
0.535769
0.553582
0.521666
0.430956
0.454656
0.488437
0.454988
0.524484
0.524989
0.647122
0.486686
0.498608
0.527105
0.54089
0.569952
0.51947
0.463195
0.462405
0.582422
0.545739
0.463
0.555004
0.48631
0.498537
0.54642
0.519292
0.507389
0.522364
0.541838
0.389846
0.416186
0.506958
0.522775
0.396012
0.538728
0.467246
0.448801
0.488181
0.553944
0.517303
0.482309
0.466079
0.462321
0.553121
0.505146
0.519769
0.436135
0.489872
0.534013
0.489942
0.465851
0.511151
0.547389
0.461011
0.539902
0.579947
0.522298
0.559853
0.483785
0.496191
0.427644
0.509638
0.500098
0.616301
0.494834
0.497052
0.456021
0.517303
0.45247
0.490829
0.507288
0.451175
0.407603
0.524741
0.509907
0.500088
0.512755
0.414453
0.561232
0.476614
0.521975
0.506752
0.607085
0.482277
0.545149
0.581845
0.434457
0.501146
0.510714
0.427584
0.512537
0.542841
0.534354
0.469944
0.481686
0.518928
0.460964
0.499693
0.522657
0.479835
0.477468
0.481967
0.41527
0.391242
0.423422
0.550285
0.520143
0.494801
0.4204
0.553677
0.539458
0.450391
0.512926
0.535549
0.441959
0.551209
0.510278
0.507758
0.526811
0.533897
0.527151
0.605514
0.496289
0.494753
0.506088
0.637527
0.542923
0.567577
0.441948
0.502042
0.557909
0.575311
0.572064
0.490746
0.445202
0.51948
0.450685
0.416284
0.471281
0.441613
0.50568
0.502268
0.356682
0.540052
0.533349
0.545528
0.516145
0.450871
0.495818
0.485472
0.429386
0.529132
0.514185
0.442005
0.475094
0.569615
0.543134
0.512351
0.576732
0.485391
0.597487
0.601548
0.524622
0.507154
0.495948
0.508043
0.44344
0.489336
0.493012
0.540352
0.558038
0.558706
0.450103
0.44488
0.441731
0.555755
0.529126
0.582828
0.448953
0.419444
0.376157
0.5624
0.50879
0.506657
0.507281
0.549781
0.50774
0.430881
0.438928
0.528559
0.562312
0.524958
0.473279
0.531864
0.439286
0.575436
0.557072
0.475058
0.494534
0.592198
0.471114
0.465676
0.510777
0.474172
0.487543
0.482497
0.470472
0.459425
0.52667
0.504323
0.564976
0.526669
0.520075
0.508958
0.495211
0.484757
0.525947
0.580921
0.563349
0.513706
0.523512
0.404111
0.580114
0.574869
0.484471
0.451189
0.488302
0.568539
0.52577
0.588117
0.548125
0.530529
0.518644
0.543757
0.46167
0.508657
0.507127
0.57532
0.48131
0.462705
0.452154
0.523512
0.587707
0.437451
0.553178
0.634272
0.609436
0.461205
0.591496
0.533495
0.403213
0.515016
0.495719
0.501999
0.578534
0.374938
0.504437
0.390903
0.501876
0.492409
0.562725
0.487459
0.461813
0.423004
0.491003
0.561934
