0.480255
0.457213
0.381025
0.493671
0.407947
0.455044
0.483165
0.4443
0.418631
0.45481
0.421548
0.477423
0.545009
0.477155
0.536782
0.55044
0.417035
0.459259
0.478448
0.433989
0.4445
0.524624
0.388521
0.458308
0.475059
0.486758
0.419184
0.424462
0.451883
0.527334
0.455843
0.433255
0.502422
0.471645
0.496242
0.486152
0.542948
0.514439
0.523901
0.476397
0.367513
0.485467
0.447483
0.426211
0.498927
0.51573
0.422226
0.513264
0.468423
0.475246
0.484712
0.528624
0.433228
0.490664
0.53777
0.36893
0.444014
0.406141
0.425152
0.475127
0.476912
0.464161
0.514545
0.50134
0.551856
0.3763
0.442528
0.480936
0.438783
0.509459
0.421006
0.447353
0.475112
0.53675
0.435337
0.42279
0.442376
0.423974
0.469731
0.469735
0.455056
0.418458
0.45486
0.419701
0.435766
0.492281
0.544342
0.45786
0.440017
0.555433
0.467323
0.42695
0.427541
0.419367
0.524619
0.474808
0.500468
0.542827
0.417011
0.453655
0.490528
0.461257
0.488964
0.490156
0.53886
0.491433
0.507372
0.368589
0.35902
0.441654
0.572466
0.419964
0.491163
0.425363
0.320252
0.42903
0.456538
0.472194
0.420182
0.483047
0.518403
0.415314
0.387731
0.424652
0.393813
0.464001
0.42266
0.537842
0.5522
0.443939
0.434044
0.520909
0.453033
0.441272
0.405142
0.365375
0.447419
0.398422
0.477147
0.520418
0.447648
0.48356
0.450507
0.43432
0.484104
0.409255
0.562498
0.53551
0.492548
0.321051
0.46127
0.510372
0.510111
0.513428
0.391709
0.465982
0.441754
0.507651
0.41269
0.492866
0.480839
0.446086
0.495919
0.480331
0.459839
0.502681
0.496557
0.498101
0.384519
0.508285
0.416574
0.402819
0.487557
0.374437
0.475569
0.472228
0.456937
0.394297
0.496426
0.434589
0.464724
0.520974
0.431308
0.390554
0.505123
0.502572
0.496247
0.500816
0.483373
0.45966
0.413801
0.440719
0.432851
0.439282
0.517221
0.493987
0.394151
0.578712
0.490654
0.511004
0.354633
0.483937
0.524435
0.440764
0.386778
0.441204
0.458996
0.429825
0.544961
0.44088
0.505334
0.456569
0.39253
0.531702
0.430965
0.36387
0.463852
0.459583
0.38967
0.474772
0.438585
0.510733
0.45442
0.529921
0.459744
0.432597
0.44341
0.423169
0.441657
0.462143
0.498882
0.390725
0.405862
0.485534
0.517495
0.554362
0.420317
0.430088
0.417272
0.48555
0.458249
0.491877
0.465535
0.437866
0.495107
0.381432
0.502748
0.501145
0.510677
0.441871
0.482471
0.468919
0.448889
0.385396
0.486052
0.36174
0.438494
0.410812
0.53846
0.498569
0.47655
0.414164
0.48981
0.421476
0.444064
0.457462
0.5119
0.364343
0.489942
0.483374
0.490935
0.47178
0.481868
0.499847
0.469803
0.598234
0.472229
0.490798
0.331835
0.449769
0.485277
0.481435
0.433979
0.510996
0.515254
0.440271
