0.59658
0.562065
0.529929
0.569479
0.467154
0.463095
0.545059
0.47808
0.477415
0.435421
0.620709
0.53847
0.494842
0.513192
0.525703
0.549181
0.564011
0.538374
0.481007
0.507511
0.512666
0.434261
0.423686
0.549449
0.46719
0.53658
0.529746
0.539607
0.518426
0.525669
0.531511
0.523782
0.415346
0.428452
0.528641
0.558527
0.409719
0.464054
0.564033
0.550691
0.477644
0.52063
0.517173
0.529453
0.50054
0.435963
0.582335
0.636066
0.576061
0.489689
0.52841
0.47979
0.49267
0.437384
0.543529
0.437785
0.604233
0.481657
0.44807
0.546857
0.499566
0.611871
0.484739
0.538142
0.517581
0.508774
0.571888
0.541844
0.465371
0.482809
0.566081
0.458466
0.499405
0.544742
0.428765
0.630006
0.576918
0.484126
0.455009
0.521806
0.590119
0.643082
0.54007
0.442515
0.469172
0.574978
0.520328
0.497684
0.467408
0.485558
0.576426
0.501704
0.560543
0.54888
0.55113
0.472357
0.406342
0.5878
0.546725
0.558079
0.471852
0.545055
0.546401
0.486192
0.552409
0.462789
0.626223
0.398271
0.592236
0.373451
0.462695
0.539255
0.41148
0.495028
0.551071
0.454815
0.361645
0.49315
0.586291
0.452999
0.568441
0.4347
0.603541
0.492522
0.602251
0.535696
0.521247
0.549987
0.508277
0.553827
0.571854
0.553399
0.509593
0.562269
0.50294
0.451961
0.438954
0.489739
0.514742
0.468864
0.513426
0.464237
0.553333
0.544811
0.584232
0.522085
0.483868
0.510093
0.475716
0.539877
0.487672
0.577795
0.530656
0.452442
0.41558
0.479107
0.420099
0.56253
0.54303
0.473693
0.557509
0.465531
0.44029
0.484221
0.511096
0.586199
0.584072
0.467029
0.491486
0.423706
0.480589
0.519653
0.458543
0.461176
0.48637
0.466085
0.550214
0.542941
0.563102
0.54729
0.450194
0.556978
0.520825
0.597557
0.523287
0.449393
0.431321
0.524547
0.519481
0.555844
0.514535
0.5782
0.522332
0.400119
0.499334
0.567079
0.524383
0.389823
0.533471
0.552741
0.557091
0.550521
0.423044
0.388235
0.512811
0.519615
0.554181
0.591071
0.595591
0.542847
0.507504
0.568825
0.460266
0.460417
0.58431
0.521404
0.515942
0.510347
0.613992
0.467869
0.508321
0.5266
0.511759
0.486696
0.610598
0.397827
0.553468
0.585991
0.520197
0.407606
0.538803
0.540726
0.467675
0.506569
0.474981
0.547825
0.517195
0.558092
0.581954
0.47932
0.474356
0.521317
0.476558
0.602602
0.552426
0.547803
0.556346
0.498784
0.561045
0.445873
0.438057
0.547704
0.521927
0.580168
0.547886
0.414029
0.546504
0.571879
0.524225
0.508331
0.457606
0.467988
0.538713
0.493752
0.495688
0.544166
0.588562
0.499313
0.592155
0.509055
0.505295
0.59507
0.492645
0.584274
0.565599
0.592187
0.533981
0.502676
0.500049
0.458721
0.381823
0.52012
0.507848
0.588143
0.571379
0.565551
0.498315
0.416146
0.570032
0.525838
