0.394408
0.533891
0.497833
0.451969
0.387445
0.433443
0.510895
0.468947
0.563814
0.571838
0.44209
0.460905
0.404966
0.351237
0.597543
0.551397
0.456921
0.551836
0.534518
0.406757
0.453258
0.572309
0.527357
0.531853
0.404785
0.572773
0.402729
0.623788
0.51109
0.526242
0.437919
0.53253
0.513692
0.598413
0.513841
0.432785
0.604945
0.586192
0.528684
0.624055
0.582216
0.608897
0.473703
0.483034
0.534768
0.548844
0.516077
0.51419
0.509651
0.430702
0.49666
0.407181
0.431344
0.382982
0.428067
0.548521
0.50708
0.511691
0.464293
0.547623
0.491541
0.578886
0.572574
0.53497
0.529211
0.520852
0.535087
0.466414
0.500969
0.484257
0.457322
0.603654
0.527383
0.553181
0.436507
0.569737
0.531071
0.432863
0.569403
0.554361
0.558541
0.550431
0.562206
0.601963
0.480853
0.428757
0.479691
0.559712
0.521969
0.455258
0.559137
0.463956
0.456265
0.414423
0.522585
0.548295
0.394114
0.567063
0.580471
0.574144
0.551984
0.495109
0.473652
0.442434
0.566847
0.550587
0.559681
0.566377
0.45941
0.581997
0.468892
0.534478
0.503163
0.531911
0.400532
0.522321
0.559033
0.425767
0.55666
0.435299
0.430452
0.502098
0.535502
0.532349
0.438445
0.543736
0.495986
0.559392
0.474315
0.527527
0.479072
0.498042
0.553836
0.555093
0.581022
0.559601
0.58496
0.491385
0.558878
0.51641
0.521448
0.547535
0.508073
0.466207
0.596278
0.465893
0.588472
0.558788
0.560273
0.338065
0.453965
0.506048
0.462276
0.405694
0.548192
0.429449
0.393152
0.499264
0.495011
0.507299
0.473127
0.483486
0.544459
0.494688
0.470649
0.409398
0.583609
0.369646
0.520072
0.451979
0.417319
0.542996
0.444273
0.479315
0.499289
0.591046
0.483861
0.592913
0.486531
0.439408
0.547153
0.533884
0.572724
0.416378
0.544791
0.52601
0.487104
0.541364
0.501039
0.531337
0.53634
0.47658
0.590655
0.573904
0.520182
0.574074
0.553854
0.499674
0.558377
0.453188
0.494889
0.414362
0.577859
0.498728
0.452522
0.451193
0.566229
0.5789
0.570333
0.454843
0.523891
0.539626
0.457543
0.456859
0.520424
0.577085
0.535568
0.4887
0.519703
0.458347
0.446134
0.449764
0.548982
0.428459
0.590772
0.574686
0.447697
0.53928
0.469297
0.475843
0.518935
0.555024
0.412324
0.570289
0.469804
0.511151
0.587333
0.584797
0.490221
0.53858
0.527981
0.557361
0.555096
0.452083
0.489074
0.509852
0.488795
0.48433
0.504904
0.570786
0.447724
0.440307
0.460368
0.521107
0.507354
0.397811
0.46341
0.435876
0.578503
0.508746
0.525994
0.565657
0.570714
0.498408
0.474151
0.520028
0.498201
0.475962
0.432413
0.601148
0.498448
0.47538
0.502824
0.552599
0.527525
0.454741
0.438227
0.502112
0.572348
0.473979
0.535335
0.511
0.494945
0.514978
0.5567
0.591341
0.446672
0.496617
0.574347
