0.493856
0.405091
0.5394
0.423
0.555269
0.469675
0.641459
0.425968
0.436439
0.515572
0.556728
0.525398
0.494349
0.503941
0.532382
0.543058
0.442718
0.572469
0.62687
0.531485
0.499702
0.571524
0.56226
0.489841
0.493141
0.455056
0.526098
0.62577
0.575705
0.58286
0.497855
0.533781
0.582579
0.495467
0.511806
0.503625
0.543797
0.483273
0.560269
0.462913
0.537665
0.482508
0.545879
0.527946
0.51687
0.571255
0.527298
0.526648
0.418817
0.546822
0.549388
0.530426
0.494938
0.532359
0.453223
0.536283
0.464342
0.475714
0.493527
0.503307
0.424771
0.507188
0.601372
0.51226
0.407425
0.527626
0.606765
0.446343
0.528285
0.501147
0.457021
0.529782
0.618723
0.495843
0.436837
0.497838
0.568067
0.554952
0.495059
0.511692
0.541051
0.573125
0.50531
0.539084
0.502609
0.553328
0.476684
0.631221
0.602244
0.515907
0.525659
0.61311
0.445954
0.6476
0.526113
0.555926
0.547555
0.523703
0.478725
0.515469
0.557852
0.483712
0.616419
0.560761
0.595091
0.568378
0.544891
0.511963
0.55293
0.516846
0.450854
0.526039
0.539204
0.535511
0.607
0.533675
0.511456
0.584465
0.521378
0.557142
0.501123
0.547455
0.589896
0.579754
0.585867
0.570763
0.50726
0.562896
0.540632
0.488184
0.489989
0.548852
0.546816
0.496025
0.48706
0.460028
0.470811
0.561016
0.550148
0.524944
0.532537
0.429837
0.577153
0.573446
0.570877
0.499347
0.587775
0.521171
0.600601
0.566155
0.466658
0.56027
0.435419
0.505556
0.433393
0.636975
0.497008
0.566036
0.606602
0.55994
0.482254
0.508659
0.525418
0.564231
0.522204
0.48861
0.475018
0.45206
0.585764
0.546481
0.513733
0.465288
0.49041
0.425469
0.56238
0.564735
0.533607
0.509287
0.441483
0.443433
0.549208
0.57453
0.526033
0.583387
0.483897
0.558381
0.585777
0.645524
0.534512
0.567613
0.59069
0.549684
0.454115
0.546374
0.566084
0.529489
0.596648
0.636292
0.499484
0.422202
0.627347
0.550074
0.431421
0.506952
0.612321
0.555549
0.623518
0.475229
0.507468
0.544946
0.469437
0.574486
0.550528
0.528054
0.552024
0.568481
0.528033
0.49605
0.50912
0.535239
0.567634
0.514047
0.461183
0.592664
0.448379
0.582977
0.604049
0.524931
0.586988
0.549681
0.487119
0.566218
0.515834
0.529058
0.532178
0.63564
0.585161
0.551747
0.441962
0.56393
0.514063
0.559788
0.427257
0.560424
0.597421
0.559399
0.446864
0.592219
0.54119
0.464282
0.426862
0.558708
0.446101
0.547519
0.530022
0.503554
0.516738
0.526365
0.476218
0.561555
0.450741
0.576709
0.41441
0.547508
0.514969
0.574236
0.503068
0.554534
0.498335
0.392931
0.540251
0.444417
0.495117
0.507355
