0.536346
0.508163
0.357146
0.49917
0.452852
0.545714
0.426894
0.475537
0.506393
0.528491
0.567338
0.48195
0.441308
0.48404
0.439025
0.431957
0.474053
0.392704
0.510476
0.530088
0.502671
0.350536
0.491506
0.443175
0.404629
0.500511
0.520232
0.503866
0.451426
0.502023
0.561399
0.52153
0.553895
0.549952
0.503377
0.448849
0.417058
0.458254
0.491193
0.486719
0.501253
0.554949
0.356904
0.504583
0.437393
0.521337
0.46644
0.492553
0.45536
0.504915
0.558298
0.433975
0.540257
0.372956
0.399173
0.438554
0.454951
0.426685
0.556013
0.49709
0.534944
0.405317
0.404723
0.503636
0.485501
0.503155
0.50202
0.489127
0.356196
0.534892
0.462787
0.478581
0.471752
0.483141
0.5034
0.508542
0.448868
0.403976
0.305646
0.411323
0.462349
0.498623
0.502784
0.54703
0.498008
0.495776
0.413785
0.479042
0.540039
0.458835
0.495993
0.497762
0.584751
0.43995
0.446929
0.464922
0.357638
0.456696
0.445806
0.468361
0.494673
0.431225
0.466539
0.420307
0.493287
0.432003
0.510587
0.50415
0.550832
0.493116
0.50497
0.505201
0.432701
0.395727
0.550335
0.461549
0.459278
0.490376
0.51799
0.502216
0.557854
0.540876
0.489565
0.478491
0.505163
0.492868
0.420006
0.517154
0.455593
0.518581
0.505497
0.375943
0.499823
0.547552
0.566631
0.364715
0.449636
0.463474
0.485769
0.537106
0.520024
0.381651
0.490181
0.426314
0.478648
0.498595
0.49043
0.468412
0.599448
0.461463
0.404936
0.536759
0.558783
0.481723
0.445348
0.509868
0.480348
0.477481
0.390514
0.494224
0.563325
0.481915
0.528341
0.492678
0.539069
0.479891
0.365171
0.473517
0.499836
0.480149
0.494537
0.474348
0.53098
0.494746
0.447284
0.492945
0.484621
0.460054
0.506396
0.505469
0.514854
0.509796
0.497611
0.462375
0.475998
0.512087
0.510181
0.458484
0.466046
0.437531
0.421466
0.460555
0.496942
0.505838
0.479977
0.394039
0.467861
0.467141
0.50037
0.495105
0.493182
0.468868
0.424341
0.525366
0.505433
0.382732
0.474641
0.430014
0.526973
0.431352
0.460748
0.541108
0.447988
0.522695
0.495925
0.50403
0.461425
0.41
0.442224
0.384057
0.418616
0.420294
0.47709
0.404902
0.587967
0.449798
0.47391
0.547813
0.398788
0.527591
0.521659
0.344365
0.376155
0.484517
0.426028
0.439917
0.442739
0.530958
0.519797
0.454159
0.48314
0.380494
0.568395
0.543781
0.489493
0.413312
0.424313
0.484874
0.476996
0.472597
0.503314
0.541986
0.468384
0.448274
0.336917
0.530019
0.484562
0.537739
0.40343
0.537768
0.543595
0.502155
0.464636
0.527634
0.446278
0.450828
0.446367
0.483243
0.553585
0.534985
0.456192
0.523887
0.483024
0.386946
0.487046
0.449884
0.378154
0.4985
0.485146
0.467607
0.428825
0.452857
0.472391
0.470197
0.397719
