0.555811
0.514295
0.695668
0.701356
0.45391
0.495804
0.446354
0.586348
0.617793
0.565172
0.564424
0.715135
0.487275
0.59201
0.44045
0.70493
0.569449
0.528156
0.582829
0.629681
0.604953
0.687946
0.629444
0.636836
0.596604
0.650548
0.639189
0.588628
0.56085
0.396641
0.622444
0.437823
0.447904
0.484535
0.557176
0.422065
0.597121
0.596728
0.585514
0.583239
0.657315
0.537068
0.462653
0.574881
0.547707
0.584983
0.591201
0.639978
0.601004
0.606199
0.576762
0.601367
0.602773
0.652607
0.468273
0.61497
0.608128
0.503493
0.46938
0.480533
0.530798
0.607484
0.556776
0.647943
0.560713
0.647131
0.584334
0.599857
0.608241
0.616421
0.494288
0.699124
0.585133
0.51612
0.510851
0.590641
0.638004
0.412099
0.339462
0.673355
0.488541
0.626136
0.674983
0.567448
0.586747
0.477399
0.645217
0.60522
0.622137
0.57006
0.458986
0.641478
0.500914
0.56492
0.545934
0.54925
0.64154
0.485983
0.463156
0.624803
0.549633
0.588807
0.487441
0.703014
0.560127
0.572852
0.47926
0.656781
0.551809
0.62186
0.719227
0.627662
0.535807
0.479409
0.527119
0.649875
0.573438
0.612315
0.53177
0.537612
0.457701
0.554639
0.396641
0.49538
0.52912
0.511201
0.564625
0.603438
0.622146
0.504323
0.572518
0.669358
0.541444
0.635773
0.599301
0.650781
0.601682
0.513072
0.578285
0.616967
0.595851
0.581675
0.617319
0.608809
0.557855
0.552408
0.617349
0.607679
0.595218
0.497381
0.470472
0.590176
0.486569
0.53653
0.537209
0.62072
0.56951
0.705428
0.649917
0.517475
0.651188
0.673645
0.527342
0.596567
0.467381
0.579818
0.613103
0.426929
0.622587
0.570692
0.551248
0.595927
0.613001
0.57128
0.347723
0.60932
0.416121
0.631158
0.501729
0.540448
0.461867
0.562932
0.606465
0.601036
0.6098
0.633928
0.527315
0.568283
0.593461
0.620022
0.628559
0.603628
0.490088
0.465011
0.475444
0.537186
0.506876
0.649184
0.538904
0.622386
0.600225
0.490198
0.593579
0.501495
0.608277
0.556066
0.577299
0.521277
0.467003
0.655918
0.423197
0.543779
0.504079
0.57525
0.518882
0.548268
0.542779
0.529112
0.616914
0.597557
0.581253
0.44427
0.521193
0.404386
0.50215
0.547667
0.616329
0.529054
0.462222
0.619008
0.668597
0.656586
0.491309
0.341255
0.539152
0.461499
0.680567
0.410811
0.606759
0.574552
0.474931
0.648906
0.480345
0.594344
0.500612
0.521324
0.547132
0.537121
0.638455
0.463612
0.517781
0.555045
0.649742
0.416235
0.547532
0.40772
0.486326
0.518036
0.584117
0.557426
0.557671
0.503223
0.514362
0.585483
0.519133
0.675601
0.54697
0.532468
0.548639
0.488741
0.627741
0.559781
0.484422
0.592843
0.45449
0.581165
