0.486456
0.574623
0.482657
0.540317
0.635993
0.562579
0.604872
0.428462
0.639104
0.423861
0.43397
0.416062
0.665963
0.366246
0.483627
0.537853
0.593076
0.439869
0.562067
0.576683
0.578671
0.625885
0.512214
0.549203
0.596508
0.540422
0.53074
0.588177
0.56171
0.510537
0.614987
0.553258
0.557587
0.611606
0.660978
0.470962
0.553712
0.60077
0.630206
0.468761
0.5044
0.550552
0.573492
0.52881
0.609037
0.583167
0.569446
0.575999
0.537137
0.57045
0.531076
0.520664
0.57072
0.62983
0.552476
0.493734
0.478917
0.651325
0.567456
0.538218
0.525834
0.640402
0.565542
0.654488
0.449803
0.44126
0.504952
0.654428
0.509279
0.575546
0.592868
0.433339
0.647847
0.439819
0.497479
0.540495
0.555857
0.577786
0.597178
0.572965
0.579497
0.610664
0.534269
0.576367
0.533508
0.654605
0.457347
0.593487
0.572013
0.579569
0.510862
0.59641
0.390368
0.511873
0.397065
0.552314
0.458867
0.595879
0.633783
0.562822
0.550476
0.62538
0.547076
0.563126
0.503533
0.554865
0.600239
0.519992
0.461363
0.471252
0.543705
0.619749
0.589977
0.56062
0.607951
0.597007
0.621304
0.477383
0.584058
0.649043
0.488419
0.545528
0.585649
0.646461
0.491007
0.456513
0.610355
0.542975
0.5822
0.566469
0.570148
0.504174
0.428742
0.555647
0.595424
0.628746
0.577027
0.608556
0.544064
0.533851
0.606212
0.570705
0.634035
0.457039
0.523205
0.613947
0.533016
0.605261
0.572736
0.589353
0.578269
0.602613
0.475102
0.588911
0.593716
0.551575
0.463998
0.544697
0.538808
0.612909
0.58059
0.574854
0.629436
0.549458
0.641022
0.427617
0.479122
0.596875
0.444526
0.578781
0.502999
0.587419
0.588273
0.483953
0.642458
0.626772
0.493449
0.514712
0.539119
0.595597
0.538401
0.459694
0.385722
0.538903
0.444592
0.533224
0.597151
0.535143
0.549543
0.570319
0.576177
0.543878
0.529884
0.570787
0.515193
0.617248
0.462676
0.626619
0.549328
0.519226
0.561896
0.651664
0.528453
0.43612
0.539145
0.597047
0.533903
0.462079
0.512517
0.619668
0.62347
0.569106
0.461828
0.53272
0.497745
0.639317
0.636712
0.566494
0.469706
0.556765
0.59588
0.523198
0.61764
0.548214
0.478761
0.542767
0.611082
0.58345
0.475675
0.451254
0.532872
0.521666
0.632785
0.496638
0.534718
0.605981
0.549111
0.607839
0.524593
0.613856
0.500887
0.498971
0.508804
0.569317
0.549698
0.50387
0.473419
0.548085
0.587519
0.537195
0.618336
0.595196
0.647571
0.577881
0.619717
0.597632
0.468443
0.500458
0.579819
0.583465
0.497377
0.673371
0.413603
0.57385
0.511091
0.519503
0.430669
0.452225
0.561815
0.586401
0.561673
0.430916
0.663798
0.620375
0.499137
0.492603
0.438888
0.555738
0.614959
0.595074
0.501928
