0.472023
0.53953
0.482888
0.497826
0.552259
0.530658
0.453076
0.541378
0.465241
0.572696
0.513965
0.469133
0.535083
0.54223
0.62349
0.534857
0.530592
0.518984
0.546141
0.562789
0.440696
0.520862
0.46549
0.518705
0.523772
0.516098
0.608955
0.441121
0.424682
0.510335
0.527195
0.436909
0.516811
0.486095
0.558326
0.499361
0.473399
0.660232
0.570936
0.365838
0.559972
0.514225
0.499003
0.493743
0.524398
0.52644
0.489204
0.574142
0.516581
0.566191
0.585642
0.484514
0.535718
0.429979
0.438496
0.552707
0.42844
0.603065
0.439432
0.330513
0.46952
0.444907
0.580343
0.383249
0.515025
0.545977
0.572386
0.61753
0.527562
0.361069
0.45842
0.557162
0.500534
0.543021
0.604842
0.517483
0.537908
0.615288
0.479279
0.53932
0.46323
0.504448
0.544378
0.508259
0.481644
0.515762
0.526852
0.499482
0.584355
0.48692
0.475285
0.502507
0.504507
0.522442
0.514531
0.570962
0.478052
0.472269
0.512652
0.437113
0.489085
0.369185
0.372817
0.497838
0.539255
0.601346
0.586683
0.503647
0.572682
0.550448
0.412633
0.506781
0.407326
0.571323
0.527229
0.529551
0.345864
0.544361
0.51152
0.467669
0.53854
0.505845
0.568767
0.550008
0.41822
0.537692
0.541591
0.580483
0.471572
0.53734
0.476155
0.556615
0.579552
0.558347
0.485954
0.530454
0.508111
0.494177
0.532203
0.49365
0.414937
0.569219
0.468317
0.569573
0.468731
0.448814
0.500432
0.500994
0.456153
0.384337
0.571198
0.402216
0.548627
0.536806
0.42864
0.529171
0.492471
0.545185
0.50836
0.543098
0.50769
0.530988
0.466248
0.417864
0.535155
0.419873
0.587626
0.563552
0.56021
0.458922
0.472781
0.537412
0.560205
0.569643
0.56133
0.547082
0.507171
0.444341
0.458566
0.519288
0.477181
0.564861
0.554313
0.487744
0.537135
0.479911
0.499582
0.47536
0.563051
0.488737
0.520708
0.481164
0.513085
0.560986
0.568266
0.527233
0.374252
0.41976
0.518967
0.501599
0.529359
0.503454
0.54619
0.526631
0.573224
0.567035
0.519705
0.575705
0.590831
0.562138
0.436698
0.517861
0.630157
0.467897
0.479693
0.465503
0.587331
0.54256
0.493154
0.549167
0.383563
0.53371
0.526073
0.540341
0.493476
0.409541
0.510459
0.532123
0.562161
0.513081
0.575402
0.525118
0.555926
0.52041
0.441574
0.395495
0.433971
0.536829
0.539461
0.555059
0.568164
0.560101
0.457594
0.585732
0.530421
0.546085
0.541127
0.453029
0.543712
0.458395
0.497365
0.336261
0.674923
0.385507
0.537166
0.52398
0.415891
0.58584
0.532127
0.533029
0.527666
0.433967
0.604859
0.546076
0.521249
0.496544
0.499124
0.522445
0.531341
0.554061
0.512666
0.562301
0.470102
0.482167
0.508721
0.542524
0.503609
0.547221
0.509856
0.458863
0.609564
0.449189
0.475984
