0.504227
0.577109
0.552563
0.539968
0.625869
0.522784
0.611739
0.625055
0.463394
0.501037
0.519794
0.608942
0.51586
0.474097
0.554213
0.605975
0.502541
0.394946
0.589695
0.519696
0.397201
0.493279
0.560137
0.492947
0.478319
0.506948
0.453473
0.486271
0.554713
0.537325
0.46397
0.517188
0.492311
0.381365
0.5651
0.439637
0.518514
0.468672
0.489923
0.512614
0.452854
0.532495
0.562226
0.449979
0.562327
0.584196
0.53935
0.614657
0.480878
0.447661
0.477967
0.560736
0.601549
0.533535
0.5023
0.438677
0.433014
0.534187
0.496824
0.523715
0.471777
0.544715
0.519218
0.503191
0.538336
0.513618
0.506215
0.549849
0.507061
0.552823
0.578443
0.47479
0.550143
0.480487
0.520013
0.441466
0.547948
0.575241
0.535177
0.557906
0.517963
0.577741
0.524893
0.613281
0.526946
0.431695
0.53306
0.52148
0.42358
0.581968
0.444962
0.361031
0.471082
0.467053
0.529387
0.54895
0.628352
0.557073
0.555276
0.430663
0.579873
0.521171
0.615619
0.567022
0.481218
0.529951
0.542047
0.494516
0.492118
0.516833
0.547904
0.51776
0.498615
0.491531
0.489418
0.526753
0.532522
0.481189
0.505602
0.568079
0.504135
0.532115
0.580773
0.475334
0.617488
0.517522
0.565313
0.555092
0.550951
0.519258
0.577167
0.498201
0.492288
0.48725
0.453827
0.484003
0.593301
0.461551
0.559967
0.562342
0.558762
0.520737
0.502163
0.563467
0.48895
0.541248
0.573798
0.574087
0.533591
0.472785
0.581725
0.499156
0.50075
0.592358
0.543776
0.473962
0.415536
0.509609
0.496639
0.47485
0.571901
0.503004
0.457036
0.498694
0.546673
0.498619
0.479488
0.514886
0.540483
0.547605
0.479469
0.484164
0.445938
0.568313
0.547871
0.510677
0.476306
0.579867
0.50213
0.506158
0.623685
0.5217
0.547406
0.439181
0.479674
0.471561
0.521042
0.659254
0.556743
0.469967
0.420884
0.504471
0.553679
0.524984
0.536372
0.535932
0.483453
0.499519
0.578634
0.473284
0.583803
0.534241
0.551379
0.550278
0.484516
0.521496
0.404045
0.546254
0.528577
0.535927
0.533995
0.554587
0.551354
0.547861
0.513805
0.570079
0.445428
0.483057
0.455571
0.404355
0.40637
0.454927
0.605865
0.625909
0.510741
0.538304
0.465855
0.578726
0.552397
0.588845
0.513847
0.458535
0.512685
0.526681
0.611396
0.446059
0.486371
0.515854
0.528585
0.531984
0.556956
0.443899
0.507432
0.560871
0.576683
0.462552
0.528058
0.460415
0.563735
0.575838
0.53488
0.461765
0.554427
0.568816
0.462347
0.562606
0.530434
0.585533
0.483515
0.4898
0.491845
0.493909
0.513636
0.527408
0.533779
0.489183
0.475087
0.478365
0.501902
0.561088
0.534511
0.433499
0.519401
