0.492217
0.42151
0.541221
0.541936
0.565231
0.568362
0.554249
0.524182
0.493071
0.453097
0.424031
0.35948
0.443614
0.520398
0.490782
0.553635
0.497039
0.536581
0.584123
0.612493
0.466193
0.573752
0.475051
0.475168
0.486144
0.383995
0.42995
0.519292
0.41349
0.493344
0.484977
0.516505
0.497816
0.474242
0.352737
0.581188
0.598372
0.425564
0.537825
0.471871
0.543674
0.425975
0.554168
0.568329
0.45079
0.568032
0.539901
0.517686
0.450231
0.582905
0.41517
0.567465
0.504112
0.59773
0.528089
0.480831
0.441732
0.539333
0.48311
0.549353
0.444602
0.47216
0.445329
0.448435
0.513124
0.430983
0.559067
0.491227
0.441008
0.497385
0.520719
0.414965
0.537969
0.384118
0.461333
0.421589
0.449631
0.594523
0.548954
0.553435
0.588588
0.501313
0.455019
0.468112
0.485962
0.519465
0.451159
0.547847
0.537533
0.551727
0.54718
0.524806
0.391946
0.543811
0.624289
0.560022
0.385508
0.47068
0.548149
0.468712
0.528596
0.55023
0.485184
0.501135
0.586301
0.516855
0.412407
0.509119
0.49962
0.514645
0.467074
0.521941
0.440475
0.480679
0.466994
0.503965
0.462494
0.558471
0.473727
0.562776
0.478665
0.439501
0.493526
0.555396
0.464215
0.549513
0.460422
0.485156
0.47822
0.556546
0.460355
0.559776
0.555717
0.468868
0.573277
0.474124
0.549702
0.523533
0.505278
0.576874
0.594707
0.453395
0.511044
0.529828
0.514533
0.49758
0.575212
0.460323
0.493964
0.415039
0.576025
0.425741
0.48598
0.541548
0.528868
0.395298
0.45355
0.52453
0.525462
0.523896
0.491955
0.485396
0.526998
0.463115
0.613435
0.53496
0.509297
0.556537
0.56779
0.404629
0.46362
0.497884
0.45443
0.532129
0.482927
0.461378
0.535736
0.408013
0.600605
0.48731
0.476194
0.50089
0.609599
0.480775
0.512449
0.512994
0.402035
0.514637
0.516047
0.465286
0.498115
0.48707
0.435444
0.514348
0.561736
0.417096
0.525146
0.527505
0.506262
0.544395
0.60671
0.441435
0.374449
0.580987
0.54193
0.557721
0.536325
0.407624
0.396522
0.571866
0.464689
0.47717
0.501256
0.556613
0.456801
0.435842
0.549732
0.433732
0.451744
0.450676
0.405283
0.417664
0.538355
0.519103
0.581734
0.458024
0.509985
0.587549
0.535046
0.509626
0.509646
0.52366
0.541697
0.486021
0.566507
0.491309
0.561939
0.488085
0.527653
0.440389
0.552997
0.556865
0.574637
0.545777
0.541047
0.492693
0.507074
0.548086
0.434984
0.543353
0.527801
0.469254
0.566888
0.450497
0.51697
0.513713
0.531312
0.541533
0.540957
0.482311
0.55557
0.45834
0.501069
0.532424
0.424055
0.509564
0.398209
0.431277
0.461526
0.408857
0.538206
0.560428
0.599558
0.468143
0.509939
0.509238
0.563565
0.470187
0.521278
0.535849
