0.503458
0.543306
0.469734
0.441209
0.471927
0.412596
0.467895
0.540495
0.461562
0.544782
0.464025
0.455433
0.491871
0.484214
0.569152
0.546525
0.470645
0.485297
0.394387
0.430071
0.550238
0.390597
0.484016
0.483857
0.452784
0.502247
0.541924
0.561119
0.511361
0.445321
0.516761
0.453526
0.418158
0.470863
0.502033
0.448904
0.407685
0.479127
0.473374
0.420483
0.506055
0.481749
0.476593
0.416411
0.516937
0.490298
0.471669
0.490074
0.546102
0.489119
0.495477
0.574526
0.439833
0.480745
0.476492
0.455758
0.537211
0.425977
0.474059
0.547309
0.434697
0.475543
0.454493
0.415365
0.449015
0.502181
0.454485
0.414614
0.443568
0.487008
0.531442
0.506835
0.507788
0.474924
0.598071
0.470251
0.460799
0.392859
0.525897
0.409468
0.437474
0.438531
0.487617
0.475027
0.49156
0.483525
0.552022
0.535302
0.523266
0.534493
0.410243
0.440924
0.544905
0.453497
0.45315
0.521192
0.463306
0.483328
0.485131
0.565608
0.575978
0.511699
0.393583
0.481917
0.502741
0.486657
0.464139
0.476583
0.476186
0.43809
0.521278
0.477546
0.503665
0.526323
0.476876
0.45608
0.397541
0.517295
0.546665
0.550801
0.486049
0.584419
0.450166
0.521493
0.47397
0.481712
0.470821
0.50081
0.589383
0.496924
0.530981
0.536051
0.499785
0.428496
0.494468
0.447622
0.411518
0.516818
0.484261
0.531115
0.506634
0.382053
0.418905
0.44568
0.44744
0.406828
0.531712
0.4647
0.530883
0.465813
0.458496
0.507349
0.515235
0.520199
0.544205
0.56214
0.481422
0.457121
0.47976
0.506046
0.561814
0.475612
0.461814
0.511905
0.476597
0.403463
0.522132
0.417421
0.567732
0.522315
0.545517
0.410572
0.483976
0.474657
0.44911
0.546139
0.534668
0.469097
0.511832
0.437149
0.509947
0.540828
0.509932
0.544762
0.471373
0.57151
0.53321
0.368781
0.454248
0.470568
0.500214
0.535396
0.566998
0.416056
0.381111
0.481322
0.459599
0.463045
0.568073
0.544346
0.452726
0.489478
0.526361
0.483
0.483614
0.57717
0.58293
0.453567
0.38771
0.476378
0.454306
0.447278
0.464413
0.436106
0.524464
0.419636
0.526778
0.566644
0.475481
0.41218
0.564877
0.471538
0.510065
0.401576
0.514864
0.4681
0.460092
0.43897
0.464205
0.527799
0.470693
0.415594
0.485189
0.544893
0.495048
0.491719
0.573628
0.454251
0.504922
0.391075
0.450223
0.539286
0.456638
0.445066
0.492224
0.463338
0.468296
0.551796
0.476519
0.531442
0.486174
0.457328
0.45724
0.433638
0.453405
0.514128
0.498935
0.456601
0.502952
0.551029
0.549786
0.46484
0.539755
0.426961
0.407469
0.478498
0.535686
0.464838
0.431748
0.430036
0.479949
0.536244
0.542968
0.437405
0.400572
0.464451
0.423101
0.540295
0.452818
0.447596
0.509082
0.42612
0.540816
0.449945
0.524247
