0.404229
0.522899
0.556822
0.510993
0.616822
0.400862
0.536692
0.622426
0.537121
0.503459
0.472362
0.55677
0.613182
0.480427
0.567559
0.416355
0.589056
0.511645
0.487271
0.509442
0.503513
0.520185
0.510986
0.495903
0.408548
0.54969
0.568873
0.573723
0.559021
0.51826
0.576257
0.561509
0.553812
0.618036
0.581462
0.573372
0.443978
0.563304
0.523728
0.563693
0.480344
0.403257
0.503587
0.524828
0.473662
0.515381
0.602746
0.543275
0.443239
0.465523
0.566668
0.507304
0.545646
0.520163
0.489439
0.532365
0.465032
0.477345
0.44994
0.528923
0.599879
0.357636
0.582167
0.582724
0.536359
0.586253
0.494562
0.54952
0.493098
0.432655
0.535968
0.439763
0.547505
0.554687
0.456413
0.638101
0.510497
0.537948
0.543203
0.572058
0.489977
0.560375
0.412742
0.539342
0.558251
0.595203
0.451064
0.580744
0.547724
0.550844
0.45626
0.577309
0.429317
0.532966
0.496912
0.491018
0.433925
0.549912
0.50216
0.561089
0.517816
0.612905
0.461307
0.556639
0.603511
0.579989
0.50362
0.551094
0.47762
0.461145
0.584183
0.54076
0.583427
0.408247
0.502341
0.468571
0.525489
0.539308
0.631397
0.403532
0.502481
0.556565
0.559562
0.497006
0.557636
0.556968
0.522615
0.506408
0.507527
0.559987
0.583002
0.433968
0.468866
0.592405
0.406338
0.476007
0.445544
0.531603
0.36038
0.625847
0.596028
0.558131
0.588908
0.540762
0.519965
0.585794
0.500301
0.577756
0.521796
0.617669
0.626403
0.550774
0.474103
0.57499
0.526548
0.559896
0.589399
0.509163
0.595871
0.619765
0.481746
0.333007
0.386611
0.559054
0.647702
0.626861
0.534412
0.414414
0.542648
0.503499
0.475906
0.465458
0.50014
0.488101
0.439444
0.544566
0.507652
0.494435
0.448342
0.448138
0.509581
0.608395
0.553625
0.554017
0.505784
0.52089
0.536973
0.469861
0.542328
0.536927
0.537484
0.520316
0.615727
0.437738
0.493115
0.654435
0.473934
0.511968
0.554352
0.453311
0.529303
0.513894
0.596879
0.534483
0.46772
0.530784
0.536158
0.500734
0.498332
0.487198
0.389453
0.489621
0.446534
0.388964
0.332796
0.549325
0.534177
0.482466
0.484957
0.526779
0.520738
0.578542
0.544903
0.557174
0.62526
0.603047
0.5865
0.537468
0.511224
0.446256
0.422116
0.513188
0.498478
0.52932
0.487135
0.481921
0.579557
0.581754
0.542336
0.505533
0.575152
0.581428
0.537546
0.606804
0.492711
0.482404
0.560245
0.493214
0.445275
0.451454
0.574294
0.540205
0.495291
0.555587
0.560745
0.542046
0.539539
0.447562
0.594947
0.549146
0.439093
0.562326
0.441313
0.5221
0.527041
0.409521
0.435879
0.597386
0.526558
0.58314
