0.414586
0.424456
0.471059
0.492881
0.456895
0.560213
0.438888
0.531441
0.480715
0.495383
0.515978
0.64991
0.509866
0.489749
0.57093
0.456614
0.533823
0.575661
0.485628
0.497064
0.430219
0.543493
0.605373
0.568733
0.31353
0.643594
0.616451
0.508757
0.542125
0.520953
0.444486
0.451506
0.541285
0.567981
0.510777
0.606362
0.474631
0.504432
0.623909
0.515195
0.478611
0.547207
0.494644
0.52416
0.585491
0.486761
0.36661
0.506284
0.434281
0.453919
0.5136
0.586794
0.335321
0.4879
0.46083
0.433559
0.539059
0.54279
0.495247
0.547282
0.496152
0.498081
0.457637
0.55826
0.601829
0.454324
0.557638
0.524561
0.595574
0.536586
0.615359
0.470021
0.475179
0.555448
0.455164
0.479664
0.593449
0.566266
0.531143
0.470612
0.611338
0.500419
0.457201
0.470467
0.484659
0.319515
0.468434
0.604647
0.536774
0.41659
0.374665
0.48283
0.455169
0.524176
0.463496
0.50553
0.415601
0.423912
0.445504
0.617094
0.577076
0.536461
0.561367
0.438148
0.627928
0.48128
0.59559
0.546305
0.539669
0.393236
0.415659
0.484643
0.502499
0.511878
0.553735
0.439702
0.496436
0.439354
0.443668
0.471014
0.449365
0.43181
0.53727
0.582986
0.475756
0.576651
0.491052
0.48198
0.590362
0.501782
0.48969
0.56868
0.478275
0.451411
0.474076
0.502283
0.395614
0.459778
0.555347
0.40439
0.584646
0.497567
0.474088
0.547417
0.387689
0.480603
0.508882
0.595229
0.42522
0.443257
0.433719
0.53294
0.513769
0.629932
0.528865
0.543725
0.535481
0.489875
0.461878
0.452258
0.539331
0.474451
0.443712
0.544802
0.554278
0.453287
0.463592
0.450228
0.490632
0.558112
0.505642
0.509601
0.518407
0.499356
0.464774
0.46116
0.561588
0.483891
0.467226
0.54433
0.549501
0.508719
0.547713
0.569549
0.560873
0.530052
0.611552
0.528537
0.456936
0.444897
0.570741
0.488929
0.514134
0.593785
0.47444
0.463509
0.605259
0.524023
0.656317
0.511996
0.47819
0.482747
0.634081
0.520764
0.420191
0.553521
0.591365
0.468069
0.536244
0.544432
0.520955
0.523177
0.484852
0.550835
0.485079
0.465708
0.406049
0.602868
0.592889
0.412069
0.410158
0.474341
0.436492
0.617658
0.617511
0.53034
0.534793
0.469697
0.389531
0.380986
0.468735
0.433809
0.411372
0.51342
0.547775
0.406969
0.563549
0.435861
0.498086
0.462207
0.467691
0.425226
0.389999
0.486123
0.461735
0.484484
0.537615
0.479111
0.489861
0.423856
0.401495
0.495871
0.513227
0.515377
0.515043
0.429133
0.501308
0.486814
0.452155
0.423815
0.468288
0.424881
0.485509
0.523241
0.635227
0.547048
0.45127
0.518383
0.485524
0.468077
0.598365
0.500742
0.513233
0.529221
0.632894
0.496537
0.469879
0.548896
0.482813
0.471321
0.533243
0.444358
0.54402
0.444693
0.443628
0.525093
