0.56733
0.550944
0.515379
0.417923
0.503703
0.432747
0.55741
0.454498
0.615079
0.585171
0.522102
0.530016
0.529004
0.568401
0.57405
0.542507
0.488711
0.583075
0.61067
0.453523
0.468216
0.396816
0.472408
0.569343
0.509385
0.622567
0.58246
0.547631
0.486993
0.508006
0.599676
0.562593
0.500078
0.569171
0.564597
0.475095
0.526483
0.561444
0.470877
0.603811
0.48881
0.510365
0.482049
0.61068
0.595778
0.568434
0.588302
0.552846
0.59843
0.613904
0.591567
0.642581
0.550643
0.544268
0.530793
0.54951
0.391449
0.500457
0.460405
0.544616
0.568284
0.475098
0.403813
0.439111
0.479208
0.507083
0.466775
0.526775
0.610597
0.552162
0.47813
0.4894
0.50824
0.466224
0.497605
0.577149
0.593494
0.469018
0.554533
0.565448
0.515072
0.584439
0.442881
0.50447
0.630851
0.55881
0.471729
0.630367
0.488211
0.477226
0.464753
0.558723
0.559736
0.423109
0.584602
0.552109
0.521695
0.443957
0.539722
0.523041
0.532721
0.460806
0.612404
0.580112
0.523632
0.449381
0.588365
0.568793
0.55653
0.543945
0.504537
0.588046
0.463673
0.507293
0.480662
0.556998
0.516718
0.555439
0.608856
0.522231
0.47326
0.537823
0.444036
0.503167
0.516249
0.620299
0.552637
0.435231
0.633263
0.417565
0.499808
0.537296
0.590699
0.463739
0.525726
0.487074
0.520377
0.438815
0.560408
0.4944
0.595027
0.470651
0.522266
0.528097
0.533816
0.578107
0.524101
0.437429
0.543346
0.596299
0.528308
0.579403
0.560279
0.579616
0.562188
0.40073
0.60891
0.61466
0.485509
0.559653
0.493181
0.618847
0.434838
0.55127
0.552652
0.570561
0.535531
0.532818
0.579445
0.394226
0.499555
0.554132
0.586043
0.492792
0.517707
0.56401
0.481204
0.625529
0.543189
0.531056
0.512096
0.588639
0.556575
0.481186
0.640527
0.496579
0.541595
0.611711
0.463871
0.392934
0.577729
0.563151
0.476934
0.494593
0.507295
0.494013
0.458305
0.54594
0.449307
0.534471
0.483513
0.519226
0.455402
0.606774
0.522464
0.540724
0.498101
0.458985
0.604316
0.466535
0.499923
0.503061
0.593506
0.629028
0.486875
0.529591
0.59355
0.529926
0.510702
0.527106
0.584638
0.554806
0.554093
0.633216
0.472254
0.488326
0.550634
0.567126
0.461365
0.40396
0.50983
0.54162
0.428295
0.470484
0.521936
0.580445
0.579686
0.427282
0.466224
0.462757
0.592389
0.536963
0.62091
0.540141
0.553886
0.534895
0.558096
0.491449
0.563225
0.569592
0.582906
0.383952
0.454624
0.458363
0.542084
0.549323
0.573947
0.586187
0.661435
0.59305
0.558614
0.54082
0.514601
0.439924
0.56527
0.410583
0.577321
0.484016
0.581811
0.472937
0.536675
0.482684
0.521797
0.428678
0.562161
0.590578
0.502602
0.494331
0.510717
0.513709
0.560024
0.555009
0.496242
0.42039
0.459248
0.512907
0.505138
