0.489091
0.508081
0.534265
0.46606
0.513899
0.501662
0.418806
0.581587
0.498382
0.614559
0.566006
0.522014
0.377185
0.444301
0.576291
0.567896
0.483198
0.581465
0.643015
0.520161
0.505095
0.462681
0.530081
0.479157
0.612927
0.526461
0.539178
0.52434
0.593255
0.575191
0.645112
0.498855
0.457286
0.570071
0.481993
0.500775
0.522657
0.538181
0.488472
0.56373
0.554013
0.508115
0.527066
0.501568
0.507897
0.482725
0.575767
0.489631
0.486584
0.540749
0.408764
0.545808
0.548657
0.578956
0.534487
0.543916
0.548222
0.497592
0.519376
0.549796
0.597654
0.511445
0.529732
0.535775
0.529019
0.560996
0.508227
0.411437
0.522306
0.478083
0.402755
0.560544
0.516283
0.531172
0.576159
0.564304
0.543165
0.48712
0.525673
0.594501
0.598395
0.485459
0.431778
0.570628
0.517723
0.474932
0.464233
0.529109
0.378664
0.495455
0.516242
0.503484
0.571938
0.547001
0.54042
0.495283
0.554207
0.433831
0.470719
0.543816
0.524141
0.482118
0.468864
0.531151
0.537832
0.524646
0.415506
0.525587
0.570874
0.47532
0.419938
0.488263
0.456977
0.500328
0.588551
0.608434
0.442123
0.589202
0.505321
0.532923
0.588771
0.494434
0.608584
0.455751
0.563588
0.548608
0.504044
0.449304
0.589391
0.549756
0.433428
0.566085
0.66678
0.595124
0.567877
0.509116
0.501016
0.473928
0.545667
0.481255
0.535359
0.500763
0.56251
0.471946
0.455267
0.479337
0.50201
0.469633
0.490362
0.498706
0.49219
0.473105
0.524039
0.51385
0.607382
0.485019
0.529776
0.502942
0.53719
0.445388
0.601959
0.553105
0.452618
0.618021
0.592427
0.446823
0.517186
0.438753
0.570851
0.485874
0.510115
0.525002
0.505807
0.507916
0.610336
0.456773
0.525679
0.469771
0.525848
0.540572
0.479461
0.544558
0.573642
0.606338
0.567521
0.523428
0.477543
0.564992
0.568477
0.554722
0.572824
0.544811
0.558887
0.518088
0.505586
0.538171
0.572564
0.498938
0.494238
0.498753
0.55827
0.465416
0.507273
0.516033
0.479105
0.525706
0.509849
0.469669
0.556655
0.471365
0.481018
0.485932
0.552901
0.430624
0.536794
0.521882
0.590426
0.489795
0.412535
0.477723
0.474383
0.58516
0.608268
0.47403
0.548015
0.484576
0.491749
0.489291
0.545796
0.516725
0.498753
0.561408
0.550782
0.480261
0.48019
0.544974
0.427227
0.461975
0.453392
0.60434
0.507095
0.530428
0.475566
0.520788
0.602177
0.468775
0.44528
0.406781
0.519416
0.499944
0.552889
0.46715
0.500541
0.48106
0.542458
0.510372
0.47238
0.50327
0.504827
0.577881
0.468182
0.52173
0.383722
0.480181
0.654217
0.482033
0.550118
0.420876
0.546197
0.571364
0.522994
0.506019
0.600814
0.518076
0.566085
0.484307
0.452037
0.537902
0.509772
0.46416
0.508108
0.57236
0.481161
0.547467
