0.476491
0.486542
0.513829
0.51455
0.283367
0.458486
0.516386
0.494439
0.429299
0.563164
0.477588
0.440111
0.594186
0.576617
0.477119
0.465863
0.361271
0.419337
0.399114
0.572071
0.444028
0.443325
0.539628
0.391705
0.467383
0.550646
0.529993
0.491159
0.465357
0.3746
0.362372
0.416042
0.540463
0.458839
0.455656
0.486198
0.395494
0.569771
0.543181
0.430283
0.496914
0.519165
0.606654
0.486425
0.417161
0.562689
0.552295
0.472527
0.593408
0.449775
0.549183
0.537111
0.492631
0.567196
0.408725
0.423157
0.411461
0.498723
0.544106
0.559254
0.519432
0.474562
0.561438
0.448997
0.497597
0.508388
0.4499
0.531792
0.571747
0.521968
0.56813
0.623291
0.493843
0.506267
0.557844
0.504555
0.532468
0.47754
0.439049
0.467311
0.549117
0.485303
0.504658
0.476888
0.374071
0.546617
0.562977
0.616248
0.471802
0.462108
0.439285
0.567955
0.450126
0.499129
0.417449
0.475771
0.47596
0.52519
0.555421
0.521264
0.405477
0.554071
0.567421
0.424982
0.51168
0.452769
0.495798
0.487687
0.517602
0.472273
0.507648
0.440021
0.598721
0.446463
0.469986
0.486217
0.578972
0.446652
0.483288
0.442568
0.419838
0.543883
0.568579
0.402163
0.486152
0.638264
0.503292
0.590879
0.373743
0.605522
0.48294
0.430033
0.559179
0.36975
0.539759
0.608358
0.494263
0.598351
0.608789
0.572269
0.458634
0.403653
0.406618
0.469002
0.554154
0.343067
0.505225
0.491016
0.51987
0.579652
0.507941
0.42981
0.438223
0.564157
0.62072
0.508266
0.585683
0.499211
0.37428
0.545115
0.475272
0.406135
0.381959
0.426212
0.482584
0.462611
0.526082
0.400472
0.4881
0.561073
0.563613
0.549972
0.473947
0.627437
0.562852
0.644606
0.474459
0.534478
0.55985
0.568284
0.468225
0.512858
0.528306
0.450308
0.614384
0.530435
0.57546
0.494241
0.526013
0.537182
0.610781
0.538161
0.517828
0.501156
0.559008
0.531894
0.37281
0.577564
0.461575
0.560798
0.504245
0.400342
0.473873
0.523799
0.548775
0.547098
0.525097
0.437204
0.565046
0.541526
0.578115
0.623847
0.507482
0.585607
0.459951
0.462681
0.46199
0.43275
0.551533
0.549949
0.441613
0.595553
0.509585
0.504853
0.428587
0.508424
0.554704
0.422357
0.455565
0.429593
0.45953
0.464397
0.466654
0.484029
0.490469
0.342115
0.540978
0.470412
0.415923
0.468735
0.472897
0.483235
0.541424
0.497766
0.578349
0.500449
0.518511
0.428336
0.566351
0.464723
0.336386
0.540374
0.601068
0.502031
0.565136
0.569079
0.447176
0.506164
0.493207
0.502985
0.490152
0.517749
0.428747
0.589856
0.444999
0.471175
0.544189
0.351528
0.437996
0.490904
0.589647
0.493052
0.427347
0.393526
0.577586
0.514062
0.582091
0.538369
0.494184
0.480314
0.514592
0.426353
0.595572
0.547818
0.499043
0.593751
0.53904
0.46691
0.432024
0.591314
0.544223
0.591705
0.474433
0.496575
0.58494
0.520374
