0.548529
0.548784
0.519855
0.51048
0.443512
0.48089
0.562228
0.391629
0.382256
0.54784
0.435113
0.344723
0.483061
0.528222
0.517366
0.365547
0.514042
0.570355
0.492467
0.441909
0.457351
0.402856
0.492195
0.394963
0.481055
0.535229
0.457161
0.471584
0.451685
0.587609
0.406415
0.460432
0.521934
0.473996
0.469299
0.52609
0.360941
0.512591
0.443264
0.397636
0.544575
0.430913
0.440981
0.498195
0.544882
0.501619
0.435637
0.444608
0.36598
0.544981
0.548029
0.498109
0.507024
0.50673
0.497769
0.457645
0.532856
0.551876
0.481539
0.522866
0.420675
0.391552
0.511543
0.383908
0.407453
0.533917
0.498114
0.498827
0.364389
0.414625
0.47976
0.423065
0.422953
0.456069
0.467408
0.424885
0.476851
0.407222
0.439606
0.447748
0.439171
0.608025
0.425696
0.419653
0.4663
0.457219
0.381778
0.542989
0.560889
0.508435
0.390329
0.438184
0.475288
0.476641
0.421199
0.366369
0.507341
0.378563
0.441579
0.558143
0.414086
0.525268
0.490615
0.416029
0.460845
0.503656
0.365553
0.434468
0.533955
0.595622
0.418413
0.524998
0.481956
0.428754
0.451046
0.485353
0.530862
0.469063
0.399138
0.456493
0.482305
0.523887
0.474035
0.444186
0.44356
0.532181
0.482761
0.414722
0.544977
0.395184
0.359629
0.530434
0.551371
0.508268
0.393457
0.487811
0.496803
0.530638
0.37728
0.437772
0.434745
0.496871
0.560484
0.472508
0.481833
0.472064
0.490759
0.352648
0.414541
0.421585
0.416381
0.387531
0.359779
0.497343
0.482147
0.477509
0.442899
0.489378
0.474137
0.532511
0.454192
0.421009
0.432671
0.508153
0.534178
0.414308
0.39494
0.458853
0.453046
0.429525
0.374209
0.45702
0.430295
0.575205
0.393549
0.417781
0.454326
0.444518
0.416842
0.517742
0.494563
0.562278
0.555413
0.481149
0.424818
0.568668
0.49286
0.418256
0.463971
0.486108
0.519822
0.400247
0.442713
0.472607
0.566123
0.448341
0.407661
0.429314
0.442652
0.554526
0.461824
0.459887
0.334455
0.397533
0.491257
0.459884
0.490592
0.43537
0.412147
0.501564
0.437037
0.524476
0.507174
0.422455
0.465555
0.454774
0.513582
0.418085
0.586082
0.547769
0.522941
0.424186
0.529524
0.358947
0.486837
0.450936
0.396248
0.523404
0.487869
0.459047
0.434452
0.438077
0.498349
0.391302
0.513643
0.376634
0.477925
0.330952
0.403001
0.37265
0.425181
0.445136
0.50156
0.370687
0.424407
0.441807
0.458776
0.535123
0.414835
0.40105
0.414906
0.45024
0.474851
0.48399
0.454133
0.507044
0.449165
0.422735
0.414708
0.439776
0.563743
0.438656
0.450238
0.542178
0.493168
0.52127
0.512971
0.544208
0.477183
0.424313
0.454385
0.549417
0.467758
0.478185
0.512981
0.539951
0.545347
0.357516
0.37443
0.365585
0.548824
0.374713
0.415381
