0.596766
0.524033
0.656349
0.590488
0.476267
0.549437
0.540435
0.523681
0.606417
0.631092
0.544447
0.551595
0.489942
0.46532
0.56314
0.516252
0.588672
0.557849
0.594767
0.539506
0.521833
0.481288
0.529996
0.422076
0.563334
0.514374
0.517023
0.520113
0.607785
0.445354
0.530929
0.614273
0.545999
0.63238
0.606034
0.575694
0.530109
0.518047
0.528073
0.575749
0.526436
0.431496
0.592396
0.558954
0.519417
0.520561
0.567291
0.595795
0.568549
0.570001
0.654144
0.635688
0.590776
0.550747
0.44311
0.51837
0.617324
0.504445
0.488903
0.637336
0.618095
0.63075
0.633639
0.521169
0.510663
0.55878
0.562919
0.542296
0.654148
0.571971
0.633112
0.61863
0.615804
0.495006
0.515888
0.581769
0.49056
0.641984
0.547967
0.534204
0.476484
0.578906
0.608306
0.483454
0.586027
0.605765
0.529321
0.568871
0.57329
0.665303
0.507131
0.603818
0.500657
0.469438
0.552078
0.653396
0.601828
0.529393
0.539716
0.626257
0.542129
0.49855
0.51258
0.593653
0.614639
0.517617
0.524017
0.567141
0.58128
0.568813
0.514692
0.626621
0.465215
0.573254
0.609922
0.506837
0.480564
0.606543
0.583108
0.513694
0.570188
0.490377
0.57468
0.541476
0.584991
0.578305
0.414097
0.422335
0.480643
0.528543
0.598441
0.577769
0.580225
0.554844
0.633411
0.578708
0.464781
0.622072
0.57153
0.471699
0.592132
0.532528
0.528028
0.659473
0.608584
0.519884
0.611491
0.610007
0.487863
0.53019
0.592831
0.586492
0.58047
0.629516
0.586319
0.578264
0.508391
0.565906
0.602049
0.505193
0.588224
0.50463
0.521734
0.539647
0.505634
0.421776
0.512401
0.493835
0.573874
0.633905
0.50239
0.61508
0.544237
0.483052
0.534298
0.64055
0.523786
0.609967
0.546324
0.592335
0.513207
0.569228
0.542533
0.548866
0.531539
0.464377
0.482776
0.466912
0.492424
0.54307
0.493083
0.570818
0.466605
0.482378
0.647311
0.688929
0.57118
0.52382
0.61149
0.50293
0.648903
0.612588
0.633381
0.52231
0.608408
0.495889
0.607825
0.598333
0.60882
0.536466
0.600583
0.683943
0.619435
0.478682
0.514409
0.632573
0.544468
0.630968
0.568538
0.663868
0.472572
0.533705
0.585057
0.625118
0.581964
0.505797
0.605024
0.667913
0.569389
0.483277
0.50453
0.486223
0.585762
0.604153
0.458107
0.529049
0.624395
0.431027
0.50643
0.479388
0.605884
0.520635
0.613912
0.455696
0.52681
0.620572
0.659516
0.517242
0.53615
0.573553
0.56812
0.5489
0.542807
0.556667
0.586891
0.571261
0.666762
0.580975
0.569325
0.581261
0.513728
0.607267
0.520194
0.59353
0.560614
0.508909
0.615116
0.607537
0.662672
0.594577
0.555894
0.564525
0.618941
0.678972
0.598198
0.625128
0.569635
0.451193
0.448421
0.530159
0.538712
0.516498
0.415046
0.568166
