0.526511
0.48575
0.425164
0.416579
0.494087
0.473446
0.512005
0.512689
0.500307
0.474024
0.538868
0.498969
0.468178
0.496475
0.411721
0.511865
0.45866
0.419323
0.55577
0.423214
0.430018
0.534834
0.480557
0.477769
0.396648
0.442592
0.591778
0.444864
0.495333
0.426919
0.522903
0.41899
0.496766
0.516573
0.505664
0.531049
0.474655
0.469504
0.537931
0.43314
0.472338
0.517078
0.547528
0.466817
0.500542
0.540542
0.489572
0.518353
0.420828
0.432672
0.392325
0.456573
0.443236
0.537103
0.449126
0.535363
0.450738
0.361824
0.51731
0.439978
0.443322
0.505823
0.400511
0.516416
0.472734
0.483735
0.564485
0.471845
0.498967
0.456228
0.490252
0.428409
0.463853
0.388864
0.511003
0.470439
0.496865
0.491372
0.488848
0.482951
0.5153
0.514803
0.405252
0.47497
0.566438
0.490296
0.561629
0.486125
0.450374
0.421339
0.510284
0.410891
0.482785
0.431697
0.420073
0.492079
0.479315
0.475708
0.386086
0.496228
0.368434
0.437572
0.475576
0.540749
0.462385
0.481031
0.472113
0.451812
0.435329
0.411052
0.471661
0.41767
0.576277
0.331023
0.507307
0.526937
0.428882
0.462705
0.516401
0.535052
0.426946
0.459114
0.398032
0.475544
0.47315
0.512908
0.412403
0.415413
0.532517
0.525328
0.561232
0.457041
0.51017
0.506105
0.570686
0.412027
0.520616
0.422662
0.554437
0.515502
0.4931
0.444192
0.52669
0.462129
0.424685
0.437939
0.385217
0.525986
0.470227
0.386387
0.370061
0.481508
0.47772
0.410912
0.383055
0.457366
0.549864
0.541452
0.535325
0.443316
0.554892
0.414265
0.420002
0.502798
0.436631
0.579286
0.596664
0.43525
0.532378
0.477532
0.493066
0.474192
0.469063
0.428573
0.508873
0.527391
0.360331
0.397705
0.563635
0.567509
0.509997
0.519125
0.422563
0.484608
0.401741
0.420354
0.520865
0.404712
0.403567
0.424329
0.53653
0.409662
0.514343
0.391909
0.477722
0.524332
0.431675
0.482652
0.429065
0.52022
0.530588
0.476967
0.413216
0.491891
0.400433
0.497731
0.477478
0.52157
0.47029
0.519801
0.453127
0.539882
0.439601
0.488578
0.531538
0.405703
0.372
0.493378
0.463944
0.501474
0.385419
0.417121
0.447949
0.423708
0.390111
0.522474
0.440298
0.467828
0.44961
0.502029
0.428732
0.442691
0.5039
0.583258
0.534037
0.354181
0.506001
0.559976
0.494024
0.523113
0.458868
0.432671
0.506173
0.551813
0.381529
0.391819
0.472856
0.396177
0.463615
0.477092
0.461402
0.454753
0.511289
0.53393
0.428371
0.433371
0.410197
0.39159
0.46353
0.356754
0.52007
0.512064
0.533773
0.418807
0.491752
0.450957
0.499923
0.576482
0.436623
0.405234
0.446352
0.484646
0.516321
0.439548
0.462171
0.425746
0.377018
0.431337
0.415776
0.394326
