0.533544
0.504578
0.519775
0.600378
0.536491
0.485266
0.479067
0.550706
0.542264
0.509786
0.549966
0.503872
0.629252
0.586102
0.523975
0.611905
0.525769
0.641604
0.442304
0.547979
0.502521
0.476819
0.498794
0.482776
0.567855
0.585933
0.438696
0.56664
0.502963
0.575028
0.598317
0.601502
0.505588
0.566773
0.518627
0.533267
0.614017
0.587958
0.411655
0.516762
0.52428
0.515903
0.552374
0.523451
0.479287
0.448073
0.427687
0.556391
0.604791
0.393908
0.534906
0.593209
0.629947
0.551111
0.490072
0.527018
0.55662
0.616023
0.572183
0.454583
0.531482
0.521461
0.520451
0.616124
0.608526
0.566375
0.458565
0.441879
0.617715
0.533445
0.618777
0.584284
0.616205
0.501263
0.558508
0.538723
0.521578
0.496621
0.344769
0.57458
0.567234
0.46239
0.568004
0.525336
0.542091
0.527366
0.558451
0.458575
0.614461
0.496141
0.541337
0.562848
0.442096
0.407393
0.408553
0.5247
0.513723
0.528007
0.534764
0.52852
0.615703
0.483715
0.623241
0.552457
0.499276
0.539735
0.496153
0.53806
0.549283
0.47046
0.475225
0.527411
0.506288
0.515958
0.444063
0.565499
0.514046
0.507277
0.448051
0.511345
0.431534
0.529196
0.566085
0.453356
0.572547
0.493217
0.482675
0.601921
0.513756
0.572425
0.555547
0.485417
0.50123
0.660725
0.627247
0.495337
0.45049
0.582121
0.525796
0.35234
0.513674
0.535788
0.521994
0.584923
0.596532
0.538428
0.517564
0.464811
0.480124
0.59282
0.428483
0.545426
0.597139
0.532311
0.599436
0.49023
0.496228
0.609829
0.577638
0.541997
0.527322
0.527092
0.501777
0.470701
0.49881
0.558077
0.516011
0.493271
0.482583
0.57212
0.588531
0.51998
0.50447
0.545139
0.580891
0.487708
0.488643
0.508104
0.585562
0.473699
0.50044
0.465828
0.519332
0.522664
0.548187
0.465267
0.575333
0.579418
0.505673
0.470036
0.537689
0.636299
0.55865
0.47264
0.452198
0.592054
0.528096
0.559472
0.398899
0.437162
0.540534
0.54285
0.577902
0.599976
0.44126
0.514846
0.554393
0.555802
0.640399
0.410225
0.59927
0.450921
0.507111
0.62563
0.402151
0.517416
0.537324
0.551984
0.579766
0.602197
0.44632
0.432486
0.605294
0.56905
0.511204
0.471003
0.490728
0.572667
0.504245
0.603312
0.480369
0.578283
0.549615
0.502196
0.536964
0.538116
0.526073
0.532763
0.619994
0.579926
0.519199
0.52958
0.489766
0.502948
0.553053
0.550261
0.496593
0.601693
0.528152
0.518539
0.553415
0.567224
0.579431
0.565899
0.47962
0.555703
0.480072
0.507461
0.622126
0.576412
0.489337
0.535366
0.533263
0.573513
0.613498
0.577129
0.489845
0.462228
0.496776
0.542825
0.539066
0.497135
0.515331
0.614721
0.454728
0.530037
0.564556
0.400588
0.483891
0.647817
0.568527
0.617999
0.651663
