0.626415
0.535649
0.499932
0.584945
0.537185
0.626277
0.487846
0.528134
0.475223
0.467257
0.438667
0.685771
0.532859
0.560841
0.555016
0.565054
0.619235
0.552882
0.555104
0.617825
0.485034
0.622259
0.328648
0.388907
0.490391
0.625418
0.430424
0.527942
0.596357
0.431447
0.569564
0.491099
0.53697
0.356192
0.485609
0.520581
0.473559
0.545148
0.51607
0.462876
0.443907
0.502112
0.53451
0.42023
0.533905
0.452102
0.480457
0.500288
0.622815
0.502849
0.476781
0.519774
0.577646
0.514736
0.479059
0.580239
0.53845
0.533425
0.480924
0.539022
0.509778
0.441893
0.499055
0.484903
0.537793
0.590242
0.604967
0.562393
0.571619
0.552306
0.57268
0.538929
0.514701
0.459966
0.508132
0.538357
0.468835
0.504016
0.569213
0.374147
0.617667
0.475048
0.541258
0.495144
0.420924
0.455721
0.528441
0.599739
0.565902
0.550921
0.395726
0.587574
0.584815
0.38684
0.513153
0.544056
0.458705
0.477186
0.5373
0.457467
0.520787
0.512021
0.594473
0.482671
0.388544
0.518088
0.471418
0.602447
0.575767
0.554217
0.463058
0.462049
0.517858
0.462557
0.481334
0.538691
0.565482
0.507081
0.563858
0.412376
0.55976
0.520802
0.57246
0.547719
0.421805
0.480127
0.482872
0.44949
0.521582
0.576015
0.433171
0.475
0.517593
0.554713
0.467133
0.611058
0.611396
0.527479
0.595361
0.559447
0.42428
0.53446
0.419151
0.56019
0.504496
0.46125
0.420412
0.436488
0.583287
0.515074
0.456897
0.516258
0.367959
0.616517
0.44381
0.59297
0.592497
0.590297
0.474791
0.531614
0.650187
0.486772
0.472052
0.645817
0.470896
0.612563
0.567218
0.536967
0.538112
0.49354
0.492614
0.599007
0.451182
0.529856
0.553468
0.591138
0.42216
0.52897
0.563154
0.598635
0.466288
0.476557
0.418204
0.475115
0.575101
0.554439
0.401644
0.525705
0.498699
0.572679
0.469596
0.541692
0.34428
0.460056
0.505389
0.448683
0.5409
0.395824
0.432866
0.659069
0.489308
0.47013
0.573202
0.640656
0.414969
0.407738
0.417976
0.44996
0.510045
0.549701
0.597513
0.482721
0.561565
0.449178
0.525889
0.462838
0.496563
0.564357
0.598283
0.508072
0.368804
0.483918
0.473646
0.536051
0.634283
0.404828
0.53814
0.535686
0.528743
0.500636
0.50333
0.479643
0.349163
0.427035
0.593113
0.441479
0.381205
0.604372
0.609448
0.434312
0.599966
0.520251
0.589961
0.538732
0.492221
0.494373
0.495227
0.446872
0.546776
0.559031
0.540158
0.503623
0.538955
0.480471
0.583346
0.518907
0.488999
0.418461
0.534685
0.405716
0.592545
0.64599
0.610826
0.524722
0.534712
0.522174
0.51537
0.501374
0.479214
0.351247
0.560882
0.465992
0.561416
0.603603
0.498261
0.535885
0.594211
0.584004
0.457919
0.517468
0.436584
0.498523
0.544322
0.401993
0.500208
0.613193
0.461997
0.58998
0.483931
0.523416
0.526042
0.526359
0.462162
0.449021
0.570665
0.463564
