0.540945
0.503738
0.497987
0.577718
0.54791
0.532248
0.39765
0.643755
0.579326
0.525504
0.554785
0.515897
0.398011
0.495896
0.496388
0.611256
0.60429
0.560287
0.600828
0.528457
0.629032
0.581047
0.648703
0.636535
0.545059
0.452594
0.452351
0.489301
0.553262
0.479234
0.494782
0.567718
0.56994
0.414973
0.549412
0.554991
0.584567
0.51348
0.494967
0.499127
0.597101
0.554042
0.472146
0.492571
0.505755
0.500757
0.44562
0.448441
0.457489
0.606275
0.520455
0.50833
0.496053
0.624008
0.55046
0.51159
0.599404
0.464718
0.474783
0.478145
0.49441
0.385276
0.453769
0.560965
0.456147
0.612536
0.530308
0.591884
0.624477
0.545325
0.373883
0.494755
0.522041
0.577257
0.398489
0.571978
0.594059
0.50133
0.445182
0.589524
0.559847
0.434245
0.508841
0.608079
0.560576
0.390235
0.607058
0.43964
0.541333
0.387566
0.406069
0.478767
0.57996
0.572773
0.528952
0.459855
0.532817
0.557305
0.411885
0.606974
0.412854
0.439605
0.406048
0.517808
0.537073
0.501029
0.51042
0.564531
0.364865
0.579532
0.480584
0.508009
0.505522
0.579452
0.496476
0.41742
0.462279
0.46367
0.440373
0.504804
0.467663
0.595
0.47129
0.495966
0.604131
0.486103
0.409029
0.463876
0.465759
0.596397
0.461915
0.474272
0.453722
0.600273
0.535389
0.511437
0.445525
0.5028
0.505324
0.494997
0.61007
0.676012
0.607103
0.464908
0.565087
0.517831
0.568781
0.613101
0.453313
0.56485
0.598023
0.486404
0.634375
0.584424
0.501197
0.625283
0.616159
0.526992
0.539003
0.472375
0.605088
0.583706
0.576911
0.478463
0.573939
0.452485
0.47971
0.529003
0.534851
0.448893
0.545241
0.456931
0.569403
0.515454
0.546641
0.522841
0.554253
0.417707
0.425849
0.501198
0.42504
0.643113
0.499682
0.528174
0.604353
0.574342
0.620908
0.373341
0.52447
0.500669
0.317344
0.554649
0.546767
0.534352
0.489834
0.419448
0.585885
0.438476
0.567844
0.548113
0.473373
0.504791
0.459237
0.515229
0.480028
0.53071
0.387358
0.61421
0.520529
0.552978
0.619304
0.437681
0.526339
0.490105
0.458017
0.559128
0.471028
0.492408
0.526302
0.615752
0.515871
0.593377
0.569688
0.57311
0.407828
0.361865
0.598357
0.514719
0.558972
0.463935
0.53599
0.56988
0.551287
0.646843
0.439777
0.483114
0.467717
0.507316
0.475676
0.503007
0.607606
0.548223
0.557519
0.548758
0.642848
0.461047
0.475995
0.623967
0.491625
0.521529
0.503547
0.453315
0.455191
0.577711
0.602855
0.520294
0.535224
0.489002
0.699294
0.499961
0.487356
0.488551
0.507601
0.52762
0.525069
0.424249
0.598012
0.596106
0.500081
0.463227
0.483199
0.557315
0.514447
0.548961
0.44311
0.554423
0.450164
0.48714
0.505498
0.540617
0.535509
0.607994
0.499993
0.518513
0.420661
0.452812
0.672252
0.553731
0.483135
0.560229
