0.388611
0.486685
0.341901
0.575771
0.594066
0.467319
0.468056
0.452316
0.527335
0.452073
0.442834
0.551968
0.376838
0.460819
0.535578
0.507875
0.512315
0.582002
0.512886
0.503629
0.420815
0.491045
0.468666
0.468606
0.573724
0.607992
0.393337
0.5246
0.486474
0.574774
0.333207
0.481361
0.428123
0.407866
0.449228
0.580702
0.523939
0.662757
0.501905
0.328434
0.457101
0.387895
0.563454
0.536116
0.488457
0.391472
0.463353
0.41226
0.465155
0.387823
0.406783
0.574931
0.570782
0.499611
0.484716
0.383357
0.421383
0.411
0.613788
0.534294
0.595017
0.410281
0.568071
0.439353
0.458234
0.389074
0.466484
0.441476
0.365867
0.560541
0.488616
0.476315
0.573069
0.537082
0.397726
0.545738
0.353244
0.434775
0.439215
0.528983
0.492661
0.584901
0.529034
0.414247
0.513123
0.508084
0.428055
0.572808
0.527951
0.424951
0.464061
0.544736
0.594396
0.472293
0.51524
0.480685
0.572938
0.442011
0.454481
0.405769
0.462951
0.553055
0.515353
0.527485
0.467669
0.524278
0.592008
0.396201
0.481931
0.560789
0.494368
0.471676
0.380863
0.479216
0.591251
0.550565
0.542549
0.599669
0.578632
0.462738
0.446144
0.491543
0.47874
0.476252
0.414281
0.508488
0.488545
0.524883
0.524764
0.561861
0.499111
0.450115
0.569068
0.445832
0.535237
0.63929
0.415068
0.539972
0.387897
0.567284
0.501074
0.542775
0.525738
0.576037
0.54115
0.429577
0.341332
0.483582
0.422456
0.517904
0.420408
0.367548
0.458587
0.574199
0.579762
0.51101
0.532446
0.573645
0.427159
0.441575
0.490038
0.563273
0.447826
0.432545
0.476008
0.531317
0.513881
0.491222
0.570674
0.516525
0.421997
0.52568
0.586605
0.562712
0.543839
0.543567
0.598472
0.522253
0.508603
0.535099
0.482135
0.500215
0.385909
0.378204
0.398511
0.420654
0.577933
0.488979
0.439081
0.377196
0.51239
0.471822
0.46586
0.48059
0.471393
0.596729
0.521359
0.508299
0.649089
0.527254
0.52117
0.512668
0.558408
0.563052
0.479683
0.500151
0.441277
0.495442
0.490111
0.398796
0.618389
0.532664
0.492402
0.49788
0.482987
0.589725
0.540832
0.503082
0.359707
0.555729
0.372163
0.546048
0.601529
0.330407
0.441288
0.570832
0.534138
0.421701
0.602485
0.447092
0.434584
0.5137
0.383584
0.614833
0.433847
0.423687
0.440084
0.469902
0.412737
0.511521
0.469367
0.540325
0.414127
0.494242
0.497993
0.505108
0.514218
0.474649
0.490588
0.466498
0.484322
0.504712
0.499922
0.649432
0.584549
0.633496
0.445009
0.46644
0.420835
0.480929
0.464192
0.598909
0.442391
0.425355
0.496757
0.483094
0.561041
0.576071
0.485428
0.455962
0.454741
0.422346
0.339921
0.507108
0.468691
0.574242
0.560398
0.474888
0.54912
0.509291
0.504704
0.397441
0.468899
