0.48344
0.499669
0.416603
0.4075
0.577989
0.560907
0.523993
0.617699
0.451056
0.498887
0.61869
0.501719
0.50618
0.631682
0.522795
0.51694
0.409423
0.450613
0.534494
0.481135
0.521204
0.44615
0.463833
0.569297
0.45703
0.512135
0.368194
0.551659
0.500948
0.525989
0.396728
0.448672
0.480286
0.548487
0.507755
0.500755
0.5779
0.555414
0.579714
0.581606
0.536332
0.36999
0.591497
0.452697
0.439977
0.560492
0.45383
0.549447
0.486222
0.410913
0.404414
0.448329
0.647934
0.55576
0.443662
0.393471
0.418677
0.374722
0.518027
0.517659
0.553807
0.509928
0.529243
0.483897
0.563525
0.434289
0.54035
0.447093
0.449954
0.539619
0.516693
0.496302
0.476086
0.498993
0.428014
0.42711
0.462258
0.416935
0.417227
0.517469
0.448534
0.576314
0.423543
0.531907
0.384849
0.545606
0.3672
0.441364
0.553156
0.45611
0.387778
0.480902
0.4789
0.453902
0.486836
0.433475
0.609268
0.383919
0.455548
0.486019
0.582403
0.446613
0.369025
0.521632
0.478144
0.39176
0.527639
0.466306
0.505266
0.427055
0.526404
0.581606
0.387018
0.498275
0.431936
0.504077
0.518611
0.513595
0.558783
0.490119
0.517004
0.629797
0.419442
0.407695
0.609174
0.471264
0.512005
0.482029
0.444578
0.488767
0.473783
0.427646
0.472144
0.431297
0.500592
0.473221
0.427528
0.407215
0.46595
0.409157
0.416493
0.348646
0.575318
0.502213
0.512688
0.479053
0.54612
0.554154
0.502807
0.469292
0.553668
0.470203
0.476236
0.486308
0.452487
0.481823
0.621834
0.449283
0.430422
0.419155
0.630155
0.465684
0.45717
0.461929
0.489331
0.528686
0.439354
0.57322
0.547366
0.432504
0.409669
0.543758
0.492848
0.520584
0.422041
0.527144
0.501693
0.571502
0.464778
0.501358
0.538141
0.522108
0.56495
0.448887
0.486111
0.412717
0.60268
0.587438
0.558239
0.476688
0.518065
0.532033
0.487595
0.497596
0.401409
0.376447
0.541183
0.381895
0.358231
0.487577
0.402367
0.404891
0.608071
0.404234
0.447596
0.520747
0.49025
0.453983
0.615602
0.46542
0.530124
0.479809
0.465875
0.480191
0.491996
0.397449
0.531865
0.408987
0.432531
0.467451
0.584186
0.589281
0.465435
0.441541
0.436793
0.478562
0.416335
0.390573
0.390545
0.442236
0.452474
0.445302
0.46923
0.517616
0.558734
0.542808
0.508929
0.604936
0.603158
0.568292
0.521606
0.571656
0.495817
0.583577
0.494102
0.418997
0.525164
0.48097
0.598942
0.57269
0.510077
0.453932
0.587118
0.541442
0.442453
0.470001
0.522653
0.429105
0.498169
0.594805
0.612222
0.508578
0.474284
0.5277
0.472495
0.518944
0.44256
0.49353
0.609421
0.459433
0.507591
0.528391
0.425242
0.478129
0.483836
0.493234
0.545965
0.485768
0.457338
0.499605
0.50506
0.488158
