0.51233
0.486451
0.575761
0.54128
0.410364
0.41015
0.484596
0.566442
0.547904
0.531944
0.537697
0.560845
0.44448
0.457637
0.393115
0.425425
0.467392
0.475795
0.477642
0.631523
0.478014
0.511656
0.489488
0.567674
0.572366
0.60198
0.679079
0.535081
0.513686
0.492857
0.508126
0.591008
0.601193
0.637306
0.619648
0.612913
0.525235
0.60116
0.559375
0.459927
0.614652
0.475922
0.448685
0.59353
0.472378
0.490602
0.544035
0.427345
0.538828
0.548663
0.638349
0.500823
0.429718
0.491268
0.508586
0.491053
0.464052
0.508567
0.503828
0.454528
0.534251
0.546283
0.525836
0.477132
0.50337
0.60883
0.508808
0.532312
0.507639
0.483706
0.598268
0.438553
0.505159
0.578553
0.534242
0.46188
0.567843
0.672399
0.545319
0.443411
0.61631
0.617972
0.518701
0.498871
0.580678
0.425654
0.597315
0.496892
0.467747
0.589525
0.535018
0.499454
0.506405
0.588215
0.519418
0.444269
0.544288
0.546094
0.475223
0.477535
0.556761
0.610985
0.478996
0.515858
0.54378
0.493287
0.513342
0.584616
0.441447
0.477122
0.488475
0.479367
0.514388
0.399258
0.53116
0.587732
0.413814
0.507278
0.47256
0.576219
0.568221
0.496342
0.524183
0.541959
0.632179
0.47397
0.553123
0.502161
0.53131
0.472379
0.524025
0.485764
0.496126
0.494039
0.636803
0.444173
0.499667
0.554111
0.533671
0.560827
0.498305
0.403146
0.448212
0.466017
0.390278
0.515844
0.485798
0.459264
0.490966
0.485634
0.494518
0.500284
0.51301
0.498848
0.52307
0.508388
0.600487
0.541357
0.456679
0.539723
0.451089
0.506838
0.460883
0.375463
0.442813
0.462472
0.543289
0.548431
0.53904
0.537399
0.544245
0.479865
0.525322
0.495637
0.45566
0.524863
0.505488
0.529868
0.501893
0.530872
0.475998
0.534332
0.498688
0.511024
0.450157
0.453175
0.505795
0.4269
0.588346
0.52452
0.476871
0.612456
0.501513
0.493684
0.435493
0.592191
0.460836
0.496902
0.543355
0.569934
0.475316
0.529807
0.475872
0.537349
0.587783
0.453676
0.492409
0.622116
0.528401
0.539131
0.379581
0.461731
0.500821
0.553221
0.481126
0.577729
0.545318
0.543417
0.526604
0.481896
0.53799
0.460846
0.45283
0.600824
0.432302
0.540749
0.44518
0.524976
0.503594
0.48202
0.465352
0.431753
0.471998
0.558181
0.489849
0.558961
0.500588
0.473184
0.500677
0.570505
0.592569
0.457175
0.488632
0.508736
0.522289
0.507005
0.650383
0.546939
0.512517
0.622207
0.400174
0.469226
0.601582
0.483787
0.530694
0.559591
0.466183
0.493093
0.565402
0.482698
0.522223
0.548801
0.517798
0.498857
0.567671
0.588117
0.581393
0.59873
0.492274
0.538943
0.52496
0.520492
0.444182
0.514213
0.598164
0.466284
0.588563
0.505885
0.486401
0.465999
0.472416
0.504585
0.492124
0.505681
