0.353635
0.44063
0.528223
0.368863
0.611169
0.65686
0.619128
0.461064
0.575904
0.453555
0.555217
0.553532
0.370899
0.375694
0.479185
0.529373
0.639841
0.48132
0.416417
0.423335
0.346303
0.53388
0.43588
0.399404
0.416845
0.402812
0.403257
0.542939
0.673126
0.536594
0.600481
0.608176
0.565772
0.599521
0.567908
0.688368
0.549297
0.36621
0.551703
0.528664
0.376062
0.504784
0.579453
0.498779
0.533944
0.55859
0.548141
0.520529
0.4111
0.6197
0.44313
0.447449
0.306243
0.604685
0.46975
0.508334
0.548397
0.514771
0.578309
0.509503
0.650421
0.363333
0.566756
0.439346
0.667777
0.555219
0.604015
0.454124
0.400228
0.466317
0.533917
0.4121
0.519772
0.410395
0.533244
0.363742
0.535247
0.614979
0.541949
0.550734
0.577937
0.578719
0.573613
0.6702
0.403203
0.545947
0.645346
0.587019
0.482473
0.398519
0.538327
0.468146
0.503312
0.539997
0.64642
0.577242
0.573052
0.569397
0.5588
0.411252
0.570944
0.582082
0.572477
0.388349
0.413598
0.584984
0.553447
0.334408
0.504697
0.514493
0.500705
0.493734
0.372366
0.562855
0.599725
0.521464
0.53663
0.383922
0.50387
0.495212
0.681899
0.541622
0.656068
0.491058
0.389164
0.512051
0.436399
0.543096
0.519604
0.512359
0.459119
0.516301
0.568949
0.594004
0.609853
0.551129
0.495558
0.375686
0.527787
0.415896
0.592656
0.597787
0.399329
0.496432
0.542026
0.641953
0.445768
0.506118
0.399978
0.612584
0.466803
0.575776
0.510347
0.61693
0.536771
0.564116
0.413803
0.521772
0.465942
0.521357
0.469475
0.42054
0.363981
0.657515
0.629507
0.542634
0.593894
0.406394
0.506324
0.423653
0.443712
0.514406
0.380852
0.464056
0.549997
0.389219
0.513693
0.369894
0.530535
0.499967
0.392381
0.609705
0.55734
0.616398
0.43102
0.426697
0.442755
0.461156
0.591594
0.615163
0.627335
0.597333
0.435986
0.532498
0.599394
0.570934
0.402716
0.582052
0.519573
0.614789
0.543713
0.442499
0.457416
0.421477
0.537159
0.587391
0.319584
0.488735
0.546649
0.676768
0.271544
0.552389
0.478692
0.333771
0.550008
0.458075
0.612456
0.640984
0.481906
0.4697
0.42573
0.468017
0.505728
0.32743
0.463895
0.620176
0.542928
0.543899
0.543068
0.490926
0.535496
0.470689
0.556975
0.522763
0.522616
0.505342
0.464178
0.611938
0.405035
0.545121
0.612561
0.400888
0.530261
0.585286
0.539981
0.538583
0.51479
0.47337
0.382645
0.5224
0.493798
0.543743
0.561209
0.5147
0.509399
0.57575
0.594141
0.489223
0.592918
0.503936
0.436745
0.533484
0.552856
0.594793
0.464323
0.516781
0.542071
0.44367
0.532203
0.591304
0.378041
0.629556
0.533342
0.441658
0.462568
0.477217
0.318787
0.677376
0.367628
0.3405
0.483254
0.514393
0.423198
0.477442
0.418729
0.485698
