0.506785
0.597057
0.459782
0.493338
0.519618
0.51005
0.53286
0.523192
0.399446
0.490879
0.587385
0.44637
0.352321
0.546932
0.410752
0.486669
0.493224
0.608478
0.450975
0.457408
0.549958
0.449356
0.564082
0.343036
0.434747
0.56797
0.453957
0.469594
0.489701
0.422061
0.431
0.43693
0.422636
0.490515
0.469767
0.44384
0.467187
0.459912
0.497168
0.521194
0.605988
0.40062
0.591947
0.418239
0.449751
0.550906
0.552441
0.384624
0.450594
0.521731
0.50809
0.352107
0.474331
0.603149
0.460355
0.463698
0.494037
0.494361
0.529842
0.390483
0.453613
0.615492
0.450482
0.491684
0.549997
0.54064
0.540103
0.356032
0.548228
0.39139
0.374678
0.403528
0.521422
0.486833
0.563013
0.516444
0.49329
0.555626
0.420187
0.52811
0.475001
0.392074
0.453436
0.488616
0.486612
0.430607
0.388992
0.414319
0.470485
0.393912
0.532031
0.557384
0.598961
0.378025
0.545736
0.439809
0.469438
0.483353
0.42153
0.475321
0.408861
0.577607
0.469781
0.547427
0.542779
0.372807
0.549795
0.430929
0.586042
0.491735
0.502761
0.492194
0.386424
0.567044
0.533541
0.436879
0.425293
0.416648
0.396187
0.318264
0.36374
0.560162
0.444861
0.421798
0.542262
0.387502
0.431011
0.434167
0.313774
0.566606
0.373885
0.461986
0.477179
0.444435
0.353939
0.503088
0.463634
0.516438
0.423876
0.55227
0.500447
0.553903
0.552547
0.559164
0.525006
0.532573
0.556127
0.425798
0.493548
0.5144
0.521102
0.511811
0.429512
0.435274
0.385641
0.561099
0.524532
0.560803
0.369159
0.49353
0.538467
0.436015
0.505503
0.436594
0.555392
0.378949
0.474181
0.455093
0.411215
0.467082
0.491912
0.403599
0.610727
0.524216
0.533105
0.431629
0.438753
0.430309
0.486805
0.473156
0.48508
0.455805
0.408449
0.488446
0.526901
0.586694
0.402279
0.417886
0.355359
0.605176
0.470567
0.639155
0.52928
0.527215
0.593173
0.501829
0.608974
0.410917
0.364225
0.469452
0.491833
0.59766
0.522848
0.536144
0.470042
0.537375
0.540934
0.475295
0.368287
0.518414
0.370727
0.508166
0.491117
0.482086
0.520665
0.479708
0.54516
0.418339
0.394761
0.410904
0.502879
0.558989
0.422356
0.454273
0.576987
0.447963
0.435984
0.389955
0.535242
0.59312
0.577806
0.526699
0.399279
0.508314
0.503597
0.510794
0.411644
0.509067
0.462055
0.485584
0.598825
0.48149
0.445604
0.473247
0.438577
0.577883
0.485904
0.463713
0.553875
0.437755
0.523262
0.542141
0.519063
0.466075
0.418416
0.509138
0.471785
0.552876
0.452044
0.663036
0.524118
0.508911
0.332833
0.403702
0.543127
0.517651
0.520064
0.514446
0.430448
0.531455
0.538542
0.423321
0.50938
0.497276
0.478916
0.440247
0.424918
0.443528
0.489421
0.438544
0.516324
0.522961
0.549895
