0.40595
0.597803
0.504063
0.56251
0.479225
0.489576
0.396501
0.510463
0.441862
0.431191
0.455711
0.402058
0.535866
0.588088
0.470608
0.495911
0.529416
0.578447
0.593277
0.499481
0.591477
0.550273
0.426075
0.51426
0.524094
0.582761
0.52457
0.516978
0.489396
0.55173
0.536072
0.482332
0.483775
0.388375
0.446344
0.389571
0.422945
0.436391
0.497967
0.462417
0.422236
0.369545
0.533265
0.598656
0.563116
0.579535
0.443285
0.54539
0.326926
0.367437
0.51594
0.500479
0.366229
0.618119
0.535881
0.406572
0.587733
0.535921
0.568652
0.529255
0.630874
0.571718
0.507595
0.507081
0.491494
0.500739
0.397687
0.408454
0.503222
0.313982
0.489381
0.565507
0.498849
0.501067
0.532125
0.547164
0.485735
0.388845
0.389227
0.462739
0.51512
0.539285
0.450369
0.528299
0.44808
0.597076
0.518822
0.513107
0.628298
0.493648
0.529812
0.501141
0.618717
0.604544
0.47821
0.528724
0.556132
0.471191
0.497095
0.553624
0.554658
0.468507
0.536801
0.426863
0.421957
0.467828
0.464727
0.374701
0.359756
0.56505
0.51554
0.485244
0.511246
0.495176
0.414682
0.490181
0.457132
0.506624
0.409729
0.444636
0.392598
0.621774
0.445177
0.580099
0.415884
0.497609
0.558563
0.555935
0.569617
0.602243
0.42515
0.482143
0.421201
0.464461
0.512418
0.541806
0.467226
0.576594
0.456979
0.500368
0.459596
0.479187
0.505648
0.468069
0.444691
0.391792
0.537284
0.641586
0.350269
0.548486
0.470904
0.483554
0.453963
0.528222
0.534323
0.529973
0.44603
0.667809
0.568161
0.502092
0.529823
0.501328
0.402286
0.465109
0.503556
0.574745
0.50356
0.396126
0.516172
0.446019
0.484539
0.653795
0.528868
0.450145
0.447045
0.523802
0.54964
0.399369
0.529523
0.481836
0.670155
0.483089
0.500321
0.431547
0.413114
0.619104
0.455985
0.445436
0.513784
0.519159
0.454861
0.489005
0.530113
0.450319
0.378349
0.512209
0.415016
0.462135
0.589292
0.468351
0.394147
0.448344
0.60506
0.5056
0.418958
0.456619
0.587751
0.463179
0.43664
0.336957
0.399488
0.440734
0.413473
0.546067
0.538065
0.386203
0.480202
0.486612
0.628706
0.490279
0.568111
0.57337
0.424496
0.484229
0.466982
0.519583
0.494033
0.455108
0.533473
0.539061
0.625895
0.551261
0.419122
0.360903
0.476358
0.573114
0.402177
0.497605
0.40034
0.54855
0.420749
0.571395
0.380291
0.587952
0.585272
0.406236
0.460477
0.52115
0.455901
0.530593
0.475373
0.59828
0.364843
0.405775
0.422166
0.529127
0.452589
0.442295
0.533119
0.559535
0.39507
0.506344
0.500418
0.463196
0.570486
0.44603
0.407797
0.343886
0.596598
0.459003
0.5232
0.530203
0.54468
0.407692
0.532759
0.539258
0.514962
0.471989
0.444615
0.579533
0.462101
0.45637
0.450536
0.562911
0.545748
0.412564
0.432756
0.392435
0.633643
0.49568
0.471436
0.545825
0.439349
0.481492
0.501094
0.442439
0.443682
