0.4355
0.632828
0.558951
0.564543
0.539842
0.543287
0.382646
0.440912
0.598335
0.476552
0.473159
0.540309
0.491423
0.430348
0.463942
0.58385
0.46643
0.497846
0.506224
0.49452
0.506076
0.581503
0.607106
0.496545
0.576642
0.496863
0.48876
0.509252
0.559802
0.467886
0.376677
0.491251
0.404815
0.528691
0.575941
0.620851
0.441789
0.477139
0.57037
0.521159
0.560141
0.504718
0.686447
0.550695
0.508585
0.443643
0.455632
0.470142
0.539201
0.478289
0.495306
0.385355
0.52251
0.540153
0.564494
0.553503
0.444416
0.563455
0.530308
0.483631
0.408831
0.455307
0.515976
0.468811
0.622056
0.563968
0.382367
0.571388
0.546316
0.455502
0.57642
0.582675
0.471884
0.482445
0.585387
0.55568
0.52608
0.619337
0.534801
0.390702
0.46591
0.50007
0.446498
0.346766
0.508902
0.501911
0.601575
0.519342
0.576917
0.425496
0.575218
0.408584
0.48684
0.545741
0.619621
0.454531
0.492635
0.4578
0.636616
0.520717
0.492861
0.572661
0.446374
0.490963
0.51996
0.564314
0.482128
0.545579
0.679752
0.545476
0.497507
0.585926
0.427297
0.435072
0.581138
0.493451
0.507788
0.500246
0.469892
0.438848
0.531115
0.588548
0.513741
0.518067
0.498308
0.426697
0.406327
0.645759
0.461497
0.678009
0.519423
0.462337
0.476347
0.389493
0.574193
0.439336
0.573928
0.665762
0.545618
0.527454
0.430251
0.431891
0.452002
0.565085
0.529723
0.517133
0.570824
0.461775
0.654375
0.55026
0.581633
0.517081
0.607628
0.465647
0.454497
0.456388
0.535358
0.463757
0.408207
0.426724
0.478057
0.47991
0.510966
0.527315
0.594848
0.532263
0.514589
0.534023
0.583458
0.467756
0.473022
0.638814
0.386853
0.44055
0.390425
0.514983
0.433064
0.459644
0.569121
0.536528
0.554679
0.399677
0.522636
0.56889
0.419038
0.592363
0.51026
0.527501
0.587351
0.3843
0.439187
0.403268
0.506603
0.651063
0.609461
0.629426
0.485567
0.472044
0.411938
0.583409
0.560117
0.616281
0.539439
0.49982
0.522594
0.499186
0.365212
0.61122
0.567073
0.570028
0.524061
0.477788
0.679294
0.479344
0.534891
0.3868
0.392209
0.398025
0.385622
0.526798
0.493775
0.548674
0.490747
0.557417
0.373913
0.490095
0.502621
0.500463
0.544697
0.541176
0.643137
0.450253
0.442786
0.345378
0.450906
0.651659
0.565012
0.596966
0.543584
0.421612
0.560744
0.577356
0.495004
0.512093
0.410885
0.450694
0.384685
0.558591
0.520916
0.594973
0.329931
0.567006
0.562449
0.645748
0.528748
0.583914
0.411703
0.649077
0.568645
0.512489
0.615277
0.555727
0.601371
0.535084
0.537313
0.475141
0.441159
0.563762
0.333039
0.436075
0.665093
0.453947
0.681183
0.686718
0.541956
0.5676
0.62508
0.497533
0.629937
0.560959
0.477326
0.5047
0.519938
0.39864
0.391209
0.431121
0.467625
0.343603
0.59203
0.49536
0.47462
0.55296
0.472524
0.54261
