0.477162
0.483521
0.581015
0.44558
0.543601
0.545441
0.397258
0.55396
0.532031
0.49618
0.443567
0.510455
0.447231
0.503022
0.455478
0.462766
0.566329
0.498579
0.591498
0.43623
0.487937
0.441389
0.469358
0.429133
0.384191
0.593078
0.472763
0.483447
0.503253
0.540622
0.462385
0.579634
0.486554
0.531384
0.359159
0.444408
0.482492
0.513016
0.603851
0.475732
0.555049
0.497651
0.465099
0.509114
0.46928
0.514935
0.477864
0.577216
0.503601
0.51421
0.534906
0.487943
0.512722
0.485674
0.56091
0.535993
0.461276
0.536754
0.447485
0.476991
0.521011
0.526959
0.509482
0.511306
0.531257
0.44137
0.516517
0.48153
0.515086
0.477778
0.438823
0.495608
0.525301
0.399488
0.483074
0.55674
0.580926
0.559207
0.481795
0.562199
0.523723
0.529966
0.52326
0.52553
0.526836
0.461306
0.558389
0.584329
0.529238
0.548784
0.452943
0.490869
0.472087
0.518577
0.533891
0.469554
0.57751
0.543764
0.442484
0.49115
0.520613
0.410683
0.509591
0.467784
0.484697
0.461794
0.506041
0.47659
0.496108
0.530248
0.544983
0.442255
0.367988
0.505491
0.503068
0.520522
0.575631
0.481555
0.488245
0.485512
0.435242
0.468056
0.514092
0.518634
0.485836
0.497739
0.486611
0.522501
0.515728
0.532774
0.50273
0.381642
0.597132
0.487061
0.557841
0.500358
0.536734
0.521918
0.539578
0.548758
0.486321
0.499681
0.384517
0.56356
0.518826
0.53114
0.567418
0.494191
0.54232
0.544845
0.393291
0.530622
0.474596
0.387927
0.527949
0.534987
0.496172
0.53031
0.501834
0.542157
0.463218
0.480005
0.543378
0.547209
0.551351
0.456277
0.536789
0.449152
0.495789
0.567146
0.494007
0.624747
0.479895
0.527205
0.523565
0.422326
0.513279
0.563003
0.559501
0.528288
0.490391
0.455355
0.579644
0.497765
0.486754
0.534956
0.430056
0.385892
0.555921
0.523976
0.460642
0.499468
0.427417
0.506261
0.463277
0.576044
0.43185
0.487482
0.528952
0.424565
0.576069
0.428766
0.47721
0.540389
0.458126
0.510078
0.571897
0.527617
0.514018
0.437206
0.384192
0.537294
0.514769
0.461642
0.502838
0.534786
0.552725
0.536565
0.462906
0.512258
0.60246
0.488952
0.5394
0.510585
0.574491
0.494321
0.461086
0.534221
0.560148
0.51395
0.526418
0.380877
0.485076
0.489757
0.619701
0.518869
0.519835
0.519682
0.56912
0.566459
0.53805
0.496308
0.55983
0.483764
0.491528
0.490733
0.537958
0.530138
0.498142
0.475534
0.467457
0.499908
0.393079
0.616269
0.512537
0.512843
0.487791
0.482424
0.442084
0.476143
0.524911
0.497159
0.486857
0.507185
0.549403
0.497592
0.598158
0.391234
0.501101
0.51761
0.441759
0.477344
0.482626
0.523268
0.421052
0.512853
0.556992
0.41323
0.56227
0.46152
0.491707
0.511758
0.551458
0.491845
0.53795
0.480484
0.575593
0.473364
0.51712
0.482954
0.556942
0.448983
0.510634
0.463498
