0.470692
0.532008
0.48017
0.46523
0.388729
0.362999
0.448986
0.434828
0.555673
0.435642
0.365999
0.515319
0.500115
0.509979
0.504536
0.504652
0.582156
0.440487
0.425227
0.42538
0.487826
0.546903
0.493767
0.524427
0.467009
0.461745
0.422619
0.557495
0.423664
0.441583
0.491645
0.494246
0.328735
0.47284
0.475266
0.3415
0.532998
0.438093
0.453344
0.390662
0.417232
0.471777
0.516031
0.451773
0.501846
0.470955
0.551418
0.463037
0.502621
0.404398
0.510877
0.412251
0.489831
0.485873
0.407398
0.435676
0.508323
0.362668
0.446389
0.413368
0.544903
0.420739
0.420645
0.504458
0.45667
0.612967
0.499827
0.426517
0.432344
0.428679
0.585425
0.466233
0.470162
0.428599
0.545972
0.493768
0.512999
0.456973
0.498967
0.561903
0.437547
0.50674
0.471005
0.526458
0.405334
0.470705
0.527382
0.532364
0.54166
0.533031
0.53551
0.493562
0.627554
0.563627
0.454825
0.468535
0.457513
0.56429
0.392788
0.536981
0.403467
0.525982
0.435522
0.576149
0.479299
0.558532
0.508667
0.532413
0.43849
0.553151
0.505926
0.444806
0.520653
0.531346
0.504612
0.566133
0.514293
0.446746
0.429777
0.508747
0.500783
0.441773
0.437348
0.574307
0.548582
0.455084
0.417686
0.32661
0.454348
0.363882
0.456587
0.559071
0.571325
0.540954
0.457967
0.382297
0.531756
0.542625
0.522435
0.447221
0.412052
0.42205
0.52253
0.403185
0.549247
0.505124
0.491261
0.539378
0.572168
0.475517
0.640979
0.455621
0.372138
0.457842
0.566892
0.383194
0.419335
0.55174
0.532499
0.482406
0.519548
0.45348
0.526788
0.497984
0.575685
0.454444
0.477405
0.511133
0.534083
0.473578
0.515709
0.398854
0.487611
0.354381
0.437914
0.471825
0.46267
0.320276
0.449112
0.502636
0.54221
0.581042
0.434545
0.531017
0.486919
0.375969
0.475108
0.488808
0.422179
0.471516
0.442665
0.568649
0.323686
0.531323
0.463303
0.552114
0.418188
0.595735
0.524228
0.520133
0.474101
0.510447
0.460548
0.488419
0.459527
0.535357
0.527286
0.549605
0.501583
0.549751
0.500866
0.582499
0.467438
0.616118
0.565541
0.342077
0.482064
0.617579
0.490181
0.598067
0.455368
0.502134
0.383183
0.45777
0.535401
0.512653
0.526619
0.357618
0.51149
0.420524
0.534303
0.587571
0.573005
0.555148
0.51794
0.552578
0.555658
0.609674
0.576256
0.5054
0.537743
0.515319
0.486561
0.442124
0.554231
0.50741
0.497533
0.530231
0.453129
0.409919
0.555736
0.440818
0.603895
0.448397
0.45966
0.483416
0.42079
0.487559
0.501548
0.442005
0.516896
0.526439
0.545273
0.450478
0.565942
0.386272
0.474202
0.57737
0.501273
0.544674
0.481466
0.478879
0.514353
0.504784
0.57618
0.483524
0.515928
0.501866
0.549014
0.490306
0.449936
0.564836
0.582164
0.543623
0.500584
0.382304
0.454032
0.444729
0.484896
0.486264
0.531992
0.415489
0.405407
0.523661
0.473105
0.51413
