0.359483
0.483924
0.333515
0.526472
0.459051
0.397426
0.547705
0.517346
0.542017
0.504539
0.519324
0.507988
0.537632
0.446179
0.543771
0.493539
0.503539
0.440921
0.564729
0.581186
0.398129
0.47392
0.544749
0.372072
0.441756
0.456779
0.5809
0.427146
0.512734
0.442309
0.459063
0.429939
0.467545
0.545583
0.497732
0.498937
0.586064
0.492314
0.453254
0.45321
0.433738
0.485253
0.491313
0.486203
0.449302
0.47765
0.502073
0.517053
0.464992
0.526776
0.483457
0.446941
0.483542
0.426847
0.547075
0.352655
0.46077
0.445342
0.591139
0.51032
0.429832
0.491436
0.499471
0.463218
0.43404
0.496368
0.414872
0.517776
0.454918
0.477699
0.527784
0.493691
0.545565
0.52837
0.449069
0.444976
0.437174
0.525591
0.463061
0.379239
0.506848
0.458717
0.500158
0.590808
0.487359
0.515876
0.517171
0.375445
0.380063
0.425395
0.496685
0.503978
0.515025
0.433379
0.520624
0.474516
0.427144
0.572947
0.404899
0.425488
0.400407
0.575723
0.437203
0.437516
0.48484
0.451473
0.436893
0.553857
0.528093
0.517417
0.512512
0.456861
0.466927
0.54807
0.503725
0.429643
0.576764
0.463226
0.485569
0.500982
0.559896
0.544037
0.423393
0.546364
0.479878
0.567005
0.456424
0.486987
0.5638
0.552931
0.474039
0.49928
0.370142
0.43156
0.592026
0.51621
0.534544
0.624684
0.49852
0.345743
0.484848
0.547127
0.553254
0.538753
0.533148
0.52392
0.439511
0.550301
0.490238
0.518805
0.566564
0.478318
0.334413
0.458058
0.371129
0.487242
0.515376
0.545666
0.39959
0.463784
0.447227
0.390199
0.504857
0.443945
0.520701
0.417859
0.424738
0.476075
0.515735
0.473546
0.43666
0.572992
0.461662
0.451448
0.5149
0.492133
0.46397
0.433307
0.546847
0.521696
0.564084
0.469404
0.449977
0.562587
0.569581
0.495943
0.523634
0.408596
0.587379
0.455667
0.3592
0.429052
0.459146
0.429532
0.524293
0.521817
0.437494
0.522329
0.476018
0.463172
0.381391
0.537362
0.528724
0.551157
0.361257
0.566656
0.427052
0.440982
0.451948
0.447043
0.408564
0.472802
0.507317
0.361144
0.425243
0.595508
0.421662
0.404458
0.375994
0.550541
0.475588
0.485806
0.469915
0.379914
0.494389
0.467367
0.485969
0.534344
0.440822
0.439894
0.33497
0.519096
0.34367
0.463465
0.436071
0.581779
0.522974
0.294397
0.516286
0.570577
0.495068
0.402458
0.46837
0.539072
0.329469
0.400108
0.429808
0.345338
0.485754
0.631696
0.348606
0.388521
0.479942
0.53554
0.514746
0.393547
0.41223
0.49435
0.520625
0.53152
0.421249
0.441699
0.431254
0.458842
0.511182
0.546464
0.4412
0.473209
0.33866
0.509144
0.5224
0.418227
0.521328
0.451836
0.495081
0.542808
0.376752
0.600309
0.513778
0.449429
0.564015
0.489636
0.538844
0.493549
0.529943
0.464911
0.586224
0.485554
0.453057
0.476625
0.494279
0.355986
0.601919
0.467564
0.472659
0.467377
